track_name,track_url,album_name,album_url,artist_name,artist_url,date_added,duration_ms,date_first_scraped,description,playlist_name
"""Filthy""",https://open.spotify.com/track/2KkglYERoV6dGi9ME4iYsw,"""Filthy""",https://open.spotify.com/album/0Br6de1bBO1f2FStNS2Vl5,Ayron Jones,https://open.spotify.com/artist/1iEaqWaYpKo9x0OrEq7Q7z,2022-08-26,181447,2021-12-21,Rock songs that get down and dirty. Cover: Dirty Honey,Dirty Rock
.CoDA.,https://open.spotify.com/track/1PlzMAYlt0Qziq9Q1AOcv7,-!- (Deluxe),https://open.spotify.com/album/6tdWQvZKSlDcvEVO7Wtrek,Dead Poet Society,https://open.spotify.com/artist/31M8EXHYtEqOqVb1X7JRVe,2022-10-07,224306,2021-12-21,Rock songs that get down and dirty. Cover: Dirty Honey,Dirty Rock
.CoDA.,https://open.spotify.com/track/5Key8WcA9y3rW9BC9ZrGME,.getawayfortheweekend.,https://open.spotify.com/album/46mMja473feJC3459xFEUi,Dead Poet Society,https://open.spotify.com/artist/31M8EXHYtEqOqVb1X7JRVe,2021-03-11,224306,2021-12-21,Rock songs that get down and dirty. Cover: Dirty Honey,Dirty Rock
A Taste of Silver,https://open.spotify.com/track/3q0tvLJLDdm0HkUDwOOvoM,A Taste of Silver,https://open.spotify.com/album/5VcTTlkBQvgYZRgXOsQC06,Until The Ribbon Breaks,https://open.spotify.com/artist/0PFM64sKw3GG4Sk8kqNIcp,2022-10-07,182280,2021-12-21,Rock songs that get down and dirty. Cover: Dirty Honey,Dirty Rock
A Taste of Silver,https://open.spotify.com/track/4VPGT5m48bSUaSy8xi5l0n,A Taste of Silver,https://open.spotify.com/album/42FwFRL3RJqi3qZcC5ARTD,Until The Ribbon Breaks,https://open.spotify.com/artist/0PFM64sKw3GG4Sk8kqNIcp,2020-12-11,182280,2021-12-21,Rock songs that get down and dirty. Cover: Dirty Honey,Dirty Rock
A Taste of Silver,https://open.spotify.com/track/5SOuMXd2jaCZY8m3sjzohx,A Lesson Unlearnt,https://open.spotify.com/album/5c74VB3brr3MeBxbk6QYLC,Until The Ribbon Breaks,https://open.spotify.com/artist/0PFM64sKw3GG4Sk8kqNIcp,2022-10-07,182280,2021-12-21,Rock songs that get down and dirty. Cover: Dirty Honey,Dirty Rock
Alter Ego,https://open.spotify.com/track/1wHuDCjdE4vxrD9O92QWmw,Skinny,https://open.spotify.com/album/4B4UxXtd4JaYNtaAN6ZNEQ,KALEO,https://open.spotify.com/artist/7jdFEYD2LTYjfwxOdlVjmc,2022-10-07,248132,2021-12-21,Rock songs that get down and dirty. Cover: Dirty Honey,Dirty Rock
Alter Ego,https://open.spotify.com/track/2cop97v0W8YcsI7KBvOrUu,Surface Sounds,https://open.spotify.com/album/1ZuNUNl8jvYmW4w1lR2CW3,KALEO,https://open.spotify.com/artist/7jdFEYD2LTYjfwxOdlVjmc,2022-06-17,248132,2021-12-21,Rock songs that get down and dirty. Cover: Dirty Honey,Dirty Rock
Alter Ego,https://open.spotify.com/track/6wENHzpfTcBZkrJYxT2WAS,Backbone,https://open.spotify.com/album/3qKhKWdMfWfpxhUgUh0vt0,KALEO,https://open.spotify.com/artist/7jdFEYD2LTYjfwxOdlVjmc,2020-12-11,248132,2021-12-21,Rock songs that get down and dirty. Cover: Dirty Honey,Dirty Rock
Angry,https://open.spotify.com/track/0daHbdrLvUmkh81rnolMcG,Angry,https://open.spotify.com/album/6rEzHeH14PJSv8anXA6tyE,The Rolling Stones,https://open.spotify.com/artist/22bE4uQ6baNwSHPVcDxLCe,2023-09-22,226735,2021-12-21,Rock songs that get down and dirty. Cover: Dirty Honey,Dirty Rock
Apple Pie,https://open.spotify.com/track/7x7WyzZjrXd1oruLCcTnhw,Apple Pie,https://open.spotify.com/album/56ILDsDKcf17LunTaJFUR2,Rafferty,https://open.spotify.com/artist/37Kwz8lKQipujhPpz9Q5cQ,2020-12-11,179447,2021-12-21,Rock songs that get down and dirty. Cover: Dirty Honey,Dirty Rock
Asleep at the Wheel,https://open.spotify.com/track/2VnkxWob7ooT5NrN9WtctI,Himalayan,https://open.spotify.com/album/4XWbfiTYAP828RXQmkEkUd,Band Of Skulls,https://open.spotify.com/artist/4ddt8PPvmWrI9mJQy1VrIG,2020-12-11,246101,2021-12-21,Rock songs that get down and dirty. Cover: Dirty Honey,Dirty Rock
Asleep at the Wheel,https://open.spotify.com/track/5C0wlC8WJeiGbuI2THoG1U,Himalayan,https://open.spotify.com/album/6ynw5YQyZBVK9UPoVJuEeQ,Band Of Skulls,https://open.spotify.com/artist/4ddt8PPvmWrI9mJQy1VrIG,2022-10-07,246101,2021-12-21,Rock songs that get down and dirty. Cover: Dirty Honey,Dirty Rock
Atta Blues,https://open.spotify.com/track/1szDKbUMeO9mGFG4YEGCJ4,Atta Blues,https://open.spotify.com/album/4MrwLAfWx5UderzcPA7ExA,Emily Wolfe,https://open.spotify.com/artist/0WUpndpcjYMzyPwZ996Sha,2020-12-11,208173,2021-12-21,Rock songs that get down and dirty. Cover: Dirty Honey,Dirty Rock
Baby I Call Hell,https://open.spotify.com/track/3LBkRFoMoyWzhdUeIMJKrc,Sistrionix,https://open.spotify.com/album/3OSEuYClxGH6gW7vvqBj04,Deap Vally,https://open.spotify.com/artist/1NsvfeRzexfHjhUGqWrULl,2020-12-11,180400,2021-12-21,Rock songs that get down and dirty. Cover: Dirty Honey,Dirty Rock
Bad Habit,https://open.spotify.com/track/3huV7eiNpaQlCB3LbZi9bB,Listen,https://open.spotify.com/album/6kqOHnshP4RMTUWKrhm6Sy,The Kooks,https://open.spotify.com/artist/1GLtl8uqKmnyCWxHmw9tL4,2020-12-11,221413,2021-12-21,Rock songs that get down and dirty. Cover: Dirty Honey,Dirty Rock
Bad Spell,https://open.spotify.com/track/3KXN0yyh3iy665jdKFFQXZ,Blood Harmony,https://open.spotify.com/album/1YLPn4tEqchhJIwB5fPt6k,Larkin Poe,https://open.spotify.com/artist/7d10VF1J4LqW7vrpPOngzm,2022-10-07,195358,2021-12-21,Rock songs that get down and dirty. Cover: Dirty Honey,Dirty Rock
Bad Spell,https://open.spotify.com/track/3xMat5dBN7UXgK8a6E8n93,Bad Spell,https://open.spotify.com/album/2uX8wXgr0jog1Xz6vZSxLS,Larkin Poe,https://open.spotify.com/artist/7d10VF1J4LqW7vrpPOngzm,2022-06-17,195358,2021-12-21,Rock songs that get down and dirty. Cover: Dirty Honey,Dirty Rock
Bad Spell,https://open.spotify.com/track/5cHukuRapWJdAY6EitrL2C,Bad Spell,https://open.spotify.com/album/2h7ZuJxpRNLE2B2FQwSIuq,Larkin Poe,https://open.spotify.com/artist/7d10VF1J4LqW7vrpPOngzm,2022-06-13,195358,2021-12-21,Rock songs that get down and dirty. Cover: Dirty Honey,Dirty Rock
Bad Spell,https://open.spotify.com/track/5ixdi1J5GIRKmmwqJiyINe,Blood Harmony,https://open.spotify.com/album/0Xf5P65OiLJlSF9h6DmZqe,Larkin Poe,https://open.spotify.com/artist/7d10VF1J4LqW7vrpPOngzm,2022-10-07,195358,2021-12-21,Rock songs that get down and dirty. Cover: Dirty Honey,Dirty Rock
Beauty,https://open.spotify.com/track/0j4FFgyRleA5IbWP4BmlIC,Beauty,https://open.spotify.com/album/2xe0gTFgZok8BDgUlkpRQ6,Tigercub,https://open.spotify.com/artist/6ekYAO2D1JkI58CF4uRRqw,2021-01-29,220324,2021-12-21,Rock songs that get down and dirty. Cover: Dirty Honey,Dirty Rock
bernard trigger,https://open.spotify.com/track/1JhppwOaVjg1cgs7jYzGQS,bernard trigger,https://open.spotify.com/album/4uJd2CmhskVkDs7ehfKQNH,cleopatrick,https://open.spotify.com/artist/6VTvaLJ9arNmKi8e1ekOwW,2022-06-17,209048,2021-12-21,Rock songs that get down and dirty. Cover: Dirty Honey,Dirty Rock
bernard trigger,https://open.spotify.com/track/7KLmBGIrxaOaoTcUQrLKub,the boys,https://open.spotify.com/album/3YLIa2HCjlMNgLFHqHwgor,cleopatrick,https://open.spotify.com/artist/6VTvaLJ9arNmKi8e1ekOwW,2020-12-11,209048,2021-12-21,Rock songs that get down and dirty. Cover: Dirty Honey,Dirty Rock
Black and Red,https://open.spotify.com/track/1DJVvKIX6niMWGUitYkM1f,Hear Me Out,https://open.spotify.com/album/6jPxwvFm0kcZzflrloQPuK,Reignwolf,https://open.spotify.com/artist/66YGDwn22fjphzqGCSIbbK,2022-06-17,219522,2021-12-21,Rock songs that get down and dirty. Cover: Dirty Honey,Dirty Rock
Black and Red,https://open.spotify.com/track/1wwdjuP8phPGC0v1Ufkjwn,Black and Red,https://open.spotify.com/album/6t3ql7acEwZ0UyEqHJMiNw,Reignwolf,https://open.spotify.com/artist/66YGDwn22fjphzqGCSIbbK,2020-12-11,219522,2021-12-21,Rock songs that get down and dirty. Cover: Dirty Honey,Dirty Rock
Black Angel,https://open.spotify.com/track/0xVAczAoamCuTdRSPysrj1,Rhyddid o'r Cysgodion Gwenwynig / Freedom from the Poisonous Shadows,https://open.spotify.com/album/4DD1QFjqpfvvjm1ZFxKW42,Alffa,https://open.spotify.com/artist/7iY7ckZelLh9emhog8UrXD,2020-12-11,190175,2021-12-21,Rock songs that get down and dirty. Cover: Dirty Honey,Dirty Rock
Black Sun,https://open.spotify.com/track/2qXa0A4hhNZABcv3w82yAJ,Kadavar,https://open.spotify.com/album/3HGjRwVnuaYYOlMzT1eq0X,Kadavar,https://open.spotify.com/artist/0FfuujZJUa7Z2JzhhiPI2z,2022-06-17,373000,2021-12-21,Rock songs that get down and dirty. Cover: Dirty Honey,Dirty Rock
Black Sun,https://open.spotify.com/track/55kiPvtypgGabvBYq53O8E,Kadavar,https://open.spotify.com/album/6RECe1GHKyEJa07bp6ciYm,Kadavar,https://open.spotify.com/artist/0FfuujZJUa7Z2JzhhiPI2z,2022-10-07,373000,2021-12-21,Rock songs that get down and dirty. Cover: Dirty Honey,Dirty Rock
Black Sun,https://open.spotify.com/track/3T246PZYf5qMcBKFcjnfKx,Kadavar,https://open.spotify.com/album/4f00FpOFJG65WQKlBVlEHC,Kadavar,https://open.spotify.com/artist/0FfuujZJUa7Z2JzhhiPI2z,2020-12-11,374000,2021-12-21,Rock songs that get down and dirty. Cover: Dirty Honey,Dirty Rock
Bomb Through the Breeze,https://open.spotify.com/track/2lYTIEA8KJQWysrhXDogcD,Hannah Wicklund & The Steppin Stones,https://open.spotify.com/album/2GWRuo0azCjGlupKL5wY74,Hannah Wicklund,https://open.spotify.com/artist/62GZbclGNlKcuW6O7l8TOU,2020-12-11,164645,2021-12-21,Rock songs that get down and dirty. Cover: Dirty Honey,Dirty Rock
Bomb Through The Breeze,https://open.spotify.com/track/7gLgvdBxycylxnP9iwdvuD,Hannah Wicklund and the Steppin Stones,https://open.spotify.com/album/6kP0lrd4sA5I698Z6Z5ug1,Hannah Wicklund,https://open.spotify.com/artist/62GZbclGNlKcuW6O7l8TOU,2023-09-22,164645,2021-12-21,Rock songs that get down and dirty. Cover: Dirty Honey,Dirty Rock
Boys From The Puget Sound,https://open.spotify.com/track/30MX7YQUfhQRzEEP8icha8,Boys From The Puget Sound,https://open.spotify.com/album/6IBtL4j3T8LrREXlCAZCDf,Ayron Jones,https://open.spotify.com/artist/1iEaqWaYpKo9x0OrEq7Q7z,2020-12-11,213926,2021-12-21,Rock songs that get down and dirty. Cover: Dirty Honey,Dirty Rock
Brave New World - Edit,https://open.spotify.com/track/3qaKW3PamENC3cfNy1qthd,Brave New World (Edit),https://open.spotify.com/album/2ciVpjZQk4aS4g7dtCBznU,The Blinders,https://open.spotify.com/artist/3Z8Y3Ek99rukRa1Hdo14GE,2022-06-17,160240,2021-12-21,Rock songs that get down and dirty. Cover: Dirty Honey,Dirty Rock
Brave New World - Edit,https://open.spotify.com/track/4k5L5CO5mTIVwdsu6vsIFl,Brave New World (Edit),https://open.spotify.com/album/4Z0hfRDndGL0bGFnuK9BsZ,The Blinders,https://open.spotify.com/artist/3Z8Y3Ek99rukRa1Hdo14GE,2022-10-07,160240,2021-12-21,Rock songs that get down and dirty. Cover: Dirty Honey,Dirty Rock
Brave New World - Radio Edit,https://open.spotify.com/track/2yX9z46JItbv2BP5cr79zb,Brave New World (Radio Edit),https://open.spotify.com/album/11hodYczPYdxNgWc0UGHZJ,The Blinders,https://open.spotify.com/artist/3Z8Y3Ek99rukRa1Hdo14GE,2020-12-11,159813,2021-12-21,Rock songs that get down and dirty. Cover: Dirty Honey,Dirty Rock
Bright Lights,https://open.spotify.com/track/2NTDt9Fiqp5wTBM6cLO6Bu,Blak and Blu,https://open.spotify.com/album/0YCTY6KpkPWp2etKx9ZNyM,Gary Clark Jr.,https://open.spotify.com/artist/01aC2ikO4Xgb2LUpf9JfKp,2020-12-11,324786,2021-12-21,Rock songs that get down and dirty. Cover: Dirty Honey,Dirty Rock
Bright Lights,https://open.spotify.com/track/5HDMKAgLEPOEazIXo6YavF,Rock's Not Dead,https://open.spotify.com/album/09ecrfUpZHKVXqm1ZZkBFV,Gary Clark Jr.,https://open.spotify.com/artist/01aC2ikO4Xgb2LUpf9JfKp,2022-10-07,324786,2021-12-21,Rock songs that get down and dirty. Cover: Dirty Honey,Dirty Rock
Bright Lights,https://open.spotify.com/track/7aO35V27YDi4hKOL9odSya,Blak and Blu (Deluxe Edition),https://open.spotify.com/album/0YaeFHEYGpdzdFIxDRFvCv,Gary Clark Jr.,https://open.spotify.com/artist/01aC2ikO4Xgb2LUpf9JfKp,2022-06-17,324786,2021-12-21,Rock songs that get down and dirty. Cover: Dirty Honey,Dirty Rock
Bring It On,https://open.spotify.com/track/1sdWSEGmB3FYml1iPDvvDM,Bring It On,https://open.spotify.com/album/1ZNRatAi2xYtzRVAvAlSxN,Deap Vally,https://open.spotify.com/artist/1NsvfeRzexfHjhUGqWrULl,2020-12-11,179268,2021-12-21,Rock songs that get down and dirty. Cover: Dirty Honey,Dirty Rock
Bring It On,https://open.spotify.com/track/5jagZTtWOjehhhr9whpn0Z,Bring It On,https://open.spotify.com/album/5mRIy2iRsza9AfvwJDGU1C,Deap Vally,https://open.spotify.com/artist/1NsvfeRzexfHjhUGqWrULl,2022-10-07,179268,2021-12-21,Rock songs that get down and dirty. Cover: Dirty Honey,Dirty Rock
Broken Bones,https://open.spotify.com/track/0fnYEb4IPNMlv46bZweUu8,Broken Bones,https://open.spotify.com/album/30gnL7UUcLHZsXYtMsxgfE,CRX,https://open.spotify.com/artist/4NfVXEoTZVX7rpJSZEVGLg,2020-12-11,211373,2021-12-21,Rock songs that get down and dirty. Cover: Dirty Honey,Dirty Rock
Bury Me Face Down,https://open.spotify.com/track/0LSzBkkQZZkwV656r6etLg,Bury Me Face Down,https://open.spotify.com/album/79L5Jm5KDfXA19nozVqZcg,grandson,https://open.spotify.com/artist/4ZgQDCtRqZlhLswVS6MHN4,2020-12-11,231666,2021-12-21,Rock songs that get down and dirty. Cover: Dirty Honey,Dirty Rock
Cabin Fever (Garage Recording),https://open.spotify.com/track/0lDUzCYvE8hXIQ5VrC01BK,Cabin Fever (Garage Recording),https://open.spotify.com/album/4hebiZjcKUFEGiW3bpqLfA,Reignwolf,https://open.spotify.com/artist/66YGDwn22fjphzqGCSIbbK,2020-12-11,144000,2021-12-21,Rock songs that get down and dirty. Cover: Dirty Honey,Dirty Rock
Can't Stop The Bleeding (feat. Gary Clark Jr. & Gramatik),https://open.spotify.com/track/79DQcqdOuzHH5g0fI8KShf,Can't Stop The Bleeding (feat. Gary Clark Jr. & Gramatik),https://open.spotify.com/album/4G0HVKhUTFI2sqM4CZdN2B,"Tom Morello, Gary Clark Jr., Gramatik","https://open.spotify.com/artist/74NBPbyyftqJ4SpDZ4c1Ed, https://open.spotify.com/artist/01aC2ikO4Xgb2LUpf9JfKp, https://open.spotify.com/artist/179BpmLkQCRIoU68Co80f5",2020-12-11,278297,2021-12-21,Rock songs that get down and dirty. Cover: Dirty Honey,Dirty Rock
"Charlie Patton Highway (Turn it Up, Pt. 1)",https://open.spotify.com/track/126giU8BEn5WzeJGkFhD0d,"Charlie Patton Highway (Turn it Up, Pt. 1)",https://open.spotify.com/album/5XVZRM83dfA9YGj2hsaOSs,Robert Plant,https://open.spotify.com/artist/1OwarW4LEHnoep20ixRA0y,2020-12-11,260360,2021-12-21,Rock songs that get down and dirty. Cover: Dirty Honey,Dirty Rock
Come Together,https://open.spotify.com/track/45HAjqRWiNv6mMPw4NvZrU,Come Together,https://open.spotify.com/album/1FA0rfTpK5dost6Zk4pxjC,"Gary Clark Jr., Junkie XL","https://open.spotify.com/artist/01aC2ikO4Xgb2LUpf9JfKp, https://open.spotify.com/artist/5svDnd8joFhbpbA3Ar0CfN",2020-12-11,193714,2021-12-21,Rock songs that get down and dirty. Cover: Dirty Honey,Dirty Rock
Counting Sheep,https://open.spotify.com/track/1JUpOhMBQefPehm8W2tclo,Wrap Your Head Around,https://open.spotify.com/album/2M4aK6tyusSZINJOWk7ayQ,The Violent,https://open.spotify.com/artist/5NokRbYYfqacBmRVBRj0wD,2022-10-07,204747,2021-12-21,Rock songs that get down and dirty. Cover: Dirty Honey,Dirty Rock
Counting Sheep,https://open.spotify.com/track/1gGqyq9I9MpZbIEcL9hRvk,Counting Sheep,https://open.spotify.com/album/6BxQrC3u6cKVWriUbvEU7H,The Violent,https://open.spotify.com/artist/5NokRbYYfqacBmRVBRj0wD,2022-10-07,204747,2021-12-21,Rock songs that get down and dirty. Cover: Dirty Honey,Dirty Rock
Counting Sheep,https://open.spotify.com/track/54taP3hrKu5FOR6eg1Cupa,Counting Sheep,https://open.spotify.com/album/4UehbXX0gOBPEtd81PBR9l,The Violent,https://open.spotify.com/artist/5NokRbYYfqacBmRVBRj0wD,2022-08-26,204747,2021-12-21,Rock songs that get down and dirty. Cover: Dirty Honey,Dirty Rock
Counting Sheep,https://open.spotify.com/track/77J0dA0pEbJj31N9Dww4NB,002.TV,https://open.spotify.com/album/24NJXCfZ37G4sqHSRgFFzs,The Violent,https://open.spotify.com/artist/5NokRbYYfqacBmRVBRj0wD,2022-10-07,204747,2021-12-21,Rock songs that get down and dirty. Cover: Dirty Honey,Dirty Rock
Cross The Line,https://open.spotify.com/track/31Y2CcHh4lcGAmw28LWaiI,Cross The Line,https://open.spotify.com/album/3ZkRYEmyvckTVsN1PHP44a,The Cold Stares,https://open.spotify.com/artist/0hLLs7dOw0Z1XBFFrLSDln,2023-07-07,187390,2021-12-21,Rock songs that get down and dirty. Cover: Dirty Honey,Dirty Rock
Currency,https://open.spotify.com/track/1kdKw9kOzfBglaRbF0NUsV,Currency,https://open.spotify.com/album/1AZNe8cmbx8iXEN2pxJJGC,The Black Angels,https://open.spotify.com/artist/0VNWuGf8SMVU2AerpdhMbP,2020-12-11,316453,2021-12-21,Rock songs that get down and dirty. Cover: Dirty Honey,Dirty Rock
Currency,https://open.spotify.com/track/1rm3aoImJKt5gW1pet7Vat,Death Song,https://open.spotify.com/album/60Ly6kzhlFatwt5VxiiOom,The Black Angels,https://open.spotify.com/artist/0VNWuGf8SMVU2AerpdhMbP,2023-09-22,316533,2021-12-21,Rock songs that get down and dirty. Cover: Dirty Honey,Dirty Rock
daphne did it,https://open.spotify.com/track/0QZ3iagvfN7158bVgqIkPR,daphne did it / the depths,https://open.spotify.com/album/2k2DP0So7mBzytKNoH1A1M,cleopatrick,https://open.spotify.com/artist/6VTvaLJ9arNmKi8e1ekOwW,2022-06-17,202687,2021-12-21,Rock songs that get down and dirty. Cover: Dirty Honey,Dirty Rock
daphne did it,https://open.spotify.com/track/1ouo4lvDwYMFMWhwgow0qT,the boys,https://open.spotify.com/album/7fnpUcZ2WQa8fZpp5iCbTo,cleopatrick,https://open.spotify.com/artist/6VTvaLJ9arNmKi8e1ekOwW,2022-10-07,202687,2021-12-21,Rock songs that get down and dirty. Cover: Dirty Honey,Dirty Rock
daphne did it,https://open.spotify.com/track/4TtPiVz5MmvhNwWDVFvtWc,daphne did it / the depths,https://open.spotify.com/album/1Uoy5aF4pU8WvUDe07tfva,cleopatrick,https://open.spotify.com/artist/6VTvaLJ9arNmKi8e1ekOwW,2020-12-11,202687,2021-12-21,Rock songs that get down and dirty. Cover: Dirty Honey,Dirty Rock
Dark Matter,https://open.spotify.com/track/0S4VR8n0KBkE6DxrjArswJ,Dark Matter,https://open.spotify.com/album/7MNrrItJpom6uMJWdT0XD8,Pearl Jam,https://open.spotify.com/artist/1w5Kfo2jwwIPruYS2UWh56,2024-04-19,211720,2021-12-21,Rock songs that get down and dirty. Cover: Dirty Honey,Dirty Rock
Dark Nights,https://open.spotify.com/track/5cwZFTdktFh5XjRglkqJYr,ROCKISDEAD,https://open.spotify.com/album/5AYoffF42E0cgDuuNgzYir,Dorothy,https://open.spotify.com/artist/6IOvhXyk5edbA2DVaeP9Up,2020-12-11,189769,2021-12-21,Rock songs that get down and dirty. Cover: Dirty Honey,Dirty Rock
Dead Ringer,https://open.spotify.com/track/3euwIRlHxXGrEYVAr5Ew6j,Martyr Parade,https://open.spotify.com/album/7jDkW8ksFaqsKYxa8TaOUc,Des Rocs,https://open.spotify.com/artist/2kO6mP0olFJGGh6kvUdNC8,2022-09-16,162742,2021-12-21,Rock songs that get down and dirty. Cover: Dirty Honey,Dirty Rock
Dead Ringer,https://open.spotify.com/track/3oCTZrItdPrphBFvFm67GG,Martyr Parade,https://open.spotify.com/album/5g5DjibntDMWXkc7pv9PFs,Des Rocs,https://open.spotify.com/artist/2kO6mP0olFJGGh6kvUdNC8,2022-06-17,162742,2021-12-21,Rock songs that get down and dirty. Cover: Dirty Honey,Dirty Rock
Dead Ringer,https://open.spotify.com/track/5gXzlZgbBIYIcGGf2x3uyZ,Dead Ringer,https://open.spotify.com/album/41K6rP8tclMHjyBE1RLEPn,Des Rocs,https://open.spotify.com/artist/2kO6mP0olFJGGh6kvUdNC8,2020-12-11,162742,2021-12-21,Rock songs that get down and dirty. Cover: Dirty Honey,Dirty Rock
Death By Rock And Roll,https://open.spotify.com/track/6ISZ6sKcNBdYJS7XYHm5cV,Death By Rock And Roll,https://open.spotify.com/album/2ysgEIHY4aOMMbbu0uV6ey,The Pretty Reckless,https://open.spotify.com/artist/2R57sY41L9XvGPiIgHOaYq,2022-06-17,234466,2021-12-21,Rock songs that get down and dirty. Cover: Dirty Honey,Dirty Rock
Death By Rock And Roll,https://open.spotify.com/track/0ThYrwnekhJLSJBiGPD1L7,Death By Rock And Roll,https://open.spotify.com/album/05u2apyKRsHbqRfT3c81o8,The Pretty Reckless,https://open.spotify.com/artist/2R57sY41L9XvGPiIgHOaYq,2020-12-11,234476,2021-12-21,Rock songs that get down and dirty. Cover: Dirty Honey,Dirty Rock
Death By Rock And Roll,https://open.spotify.com/track/53eTcPUfqLS5TswcZLtG9c,Death By Rock And Roll (Acoustic),https://open.spotify.com/album/1LYoe6TjjbJxY30QZEPOdK,The Pretty Reckless,https://open.spotify.com/artist/2R57sY41L9XvGPiIgHOaYq,2022-10-07,234476,2021-12-21,Rock songs that get down and dirty. Cover: Dirty Honey,Dirty Rock
Degradation Rules (feat. Tony Iommi),https://open.spotify.com/track/6pLzzki6vNk6EZO0cSVpPl,Patient Number 9,https://open.spotify.com/album/4u1LXToDGOdhDDf4c9zeqb,"Ozzy Osbourne, Tony Iommi","https://open.spotify.com/artist/6ZLTlhejhndI4Rh53vYhrY, https://open.spotify.com/artist/7iA7uWUkWLpapsaaqmzRQV",2022-09-23,250274,2021-12-21,Rock songs that get down and dirty. Cover: Dirty Honey,Dirty Rock
Do Your Worst,https://open.spotify.com/track/11FvComd16zZX61DrlP3o1,Do Your Worst,https://open.spotify.com/album/212W7GOucihqMBWrN17RlY,Rival Sons,https://open.spotify.com/artist/356c8AN5YWKvz86B4Sb1yf,2020-12-11,210850,2021-12-21,Rock songs that get down and dirty. Cover: Dirty Honey,Dirty Rock
Don't Miss,https://open.spotify.com/track/1XS9ZXy3Z17ptOVRO3i02e,Don't Miss,https://open.spotify.com/album/5yHrrUGbMoZxefRxJY1LN9,The Blue Stones,https://open.spotify.com/artist/5VPCIIfZPK8KPsgz4jmOEC,2022-06-13,186156,2021-12-21,Rock songs that get down and dirty. Cover: Dirty Honey,Dirty Rock
Don't Miss,https://open.spotify.com/track/1ggbqc7jhg454UpFfSmdam,Pretty Monster,https://open.spotify.com/album/1ZSM06t6wMNeIaNMXxCuL6,The Blue Stones,https://open.spotify.com/artist/5VPCIIfZPK8KPsgz4jmOEC,2023-09-22,187666,2021-12-21,Rock songs that get down and dirty. Cover: Dirty Honey,Dirty Rock
Don't Wanna Fight,https://open.spotify.com/track/1xmctspTzQxisNXKY6Gxf6,Sound & Color,https://open.spotify.com/album/2IVZPDXb7LFbyukqaoWpYR,Alabama Shakes,https://open.spotify.com/artist/16GcWuvvybAoaHr0NqT8Eh,2020-12-11,232530,2021-12-21,Rock songs that get down and dirty. Cover: Dirty Honey,Dirty Rock
Don't Wanna Fight,https://open.spotify.com/track/4gm6JpO3YOcogcjdtPqHWK,Sound & Color (Deluxe),https://open.spotify.com/album/4atu34ixQLgqG2FUVpuDdA,Alabama Shakes,https://open.spotify.com/artist/16GcWuvvybAoaHr0NqT8Eh,2022-06-17,232530,2021-12-21,Rock songs that get down and dirty. Cover: Dirty Honey,Dirty Rock
Don't Wanna Fight,https://open.spotify.com/track/6q0lIjDSuZDhrg9GC9yUQO,Sound & Color,https://open.spotify.com/album/0GaYG9L1sXHQZZ7BTk0hGY,Alabama Shakes,https://open.spotify.com/artist/16GcWuvvybAoaHr0NqT8Eh,2022-10-07,232546,2021-12-21,Rock songs that get down and dirty. Cover: Dirty Honey,Dirty Rock
Done Me Wrong,https://open.spotify.com/track/6WbiHdSeLotq2C2VufkCAH,Done Me Wrong,https://open.spotify.com/album/4qQE2d3t8P4JflFVBiNiIQ,Tooth & Nail,https://open.spotify.com/artist/1RUOMVHWpkar3lkIFjdPXI,2020-12-11,193155,2021-12-21,Rock songs that get down and dirty. Cover: Dirty Honey,Dirty Rock
Double Life,https://open.spotify.com/track/2ElpiEF3br7tvd5TYWYKHg,Double Life,https://open.spotify.com/album/29PpL7dLCaCEaftO0FfJy7,Cold War Kids,https://open.spotify.com/artist/6VDdCwrBM4qQaGxoAyxyJC,2023-06-09,143712,2021-12-21,Rock songs that get down and dirty. Cover: Dirty Honey,Dirty Rock
Down To The Bottom,https://open.spotify.com/track/5jddjli3YTIxueb3xFdLaA,Down To The Bottom,https://open.spotify.com/album/6QRQuIulSyoqOlNGJGLkmG,Dorothy,https://open.spotify.com/artist/6IOvhXyk5edbA2DVaeP9Up,2020-12-11,152468,2021-12-21,Rock songs that get down and dirty. Cover: Dirty Honey,Dirty Rock
Down to the Devil,https://open.spotify.com/track/1KqEnSyj7ZFUfN2HddUZMe,Down to the Devil,https://open.spotify.com/album/08FkK7BlweOZ7PFct99fMo,Naked Gypsy Queens,https://open.spotify.com/artist/3OrAxV2BbL9v6PvFpbGteS,2021-09-10,206000,2021-12-21,Rock songs that get down and dirty. Cover: Dirty Honey,Dirty Rock
Down To The Devil,https://open.spotify.com/track/2hOB1WsQRTLgVxeXaz7F73,Down to the Devil,https://open.spotify.com/album/0fEy0iCdOq34h6Ci3zvZVv,Naked Gypsy Queens,https://open.spotify.com/artist/3OrAxV2BbL9v6PvFpbGteS,2022-06-17,206000,2021-12-21,Rock songs that get down and dirty. Cover: Dirty Honey,Dirty Rock
Eagle Birds,https://open.spotify.com/track/04mV3n8ZNGHvhxdJSyxE9d,Eagle Birds / Lo/Hi,https://open.spotify.com/album/1hbTDW9YTpIF1gQX32U9vS,The Black Keys,https://open.spotify.com/artist/7mnBLXK823vNxN3UWB7Gfz,2020-12-11,160543,2021-12-21,Rock songs that get down and dirty. Cover: Dirty Honey,Dirty Rock
Eagle Birds,https://open.spotify.com/track/7Dd1v8u05vTL3py8d1a5ZA,"""Let's Rock""",https://open.spotify.com/album/0aA9rYw8PEv9G7tVIJ9dKg,The Black Keys,https://open.spotify.com/artist/7mnBLXK823vNxN3UWB7Gfz,2022-06-17,160543,2021-12-21,Rock songs that get down and dirty. Cover: Dirty Honey,Dirty Rock
Elephant,https://open.spotify.com/track/6qZjm61s6u8Ead9sWxCDro,Lonerism,https://open.spotify.com/album/3C2MFZ2iHotUQOSBzdSvM7,Tame Impala,https://open.spotify.com/artist/5INjqkS1o8h1imAzPqGZBb,2020-12-11,211226,2021-12-21,Rock songs that get down and dirty. Cover: Dirty Honey,Dirty Rock
Emotion Sickness,https://open.spotify.com/track/0qhGOjVl3uY2N6CAafVmCa,Emotion Sickness,https://open.spotify.com/album/3dTSDhT6cUg4YxQTMRgf6S,Queens of the Stone Age,https://open.spotify.com/artist/4pejUc4iciQfgdX6OKulQn,2023-06-09,271076,2021-12-21,Rock songs that get down and dirty. Cover: Dirty Honey,Dirty Rock
Entrance Song,https://open.spotify.com/track/0Bm4fjn2AeXeA1x12hoySt,Phosphene Dream,https://open.spotify.com/album/3FEcbSaWwrVFglM8lD9RRZ,The Black Angels,https://open.spotify.com/artist/0VNWuGf8SMVU2AerpdhMbP,2022-06-17,218560,2021-12-21,Rock songs that get down and dirty. Cover: Dirty Honey,Dirty Rock
Entrance Song,https://open.spotify.com/track/7Iee5mJtIdS4Qh1wCxIjAo,Phosphene Dream,https://open.spotify.com/album/76GyFrn5IwAYp2OGmhIlan,The Black Angels,https://open.spotify.com/artist/0VNWuGf8SMVU2AerpdhMbP,2020-12-11,218560,2021-12-21,Rock songs that get down and dirty. Cover: Dirty Honey,Dirty Rock
Facing My Fear,https://open.spotify.com/track/2UESNndQ5sS1Ucl44o2BrW,Cortes,https://open.spotify.com/album/0KWkmmiYl2lOWlR6FtJt61,Cortes,https://open.spotify.com/artist/4a4ek3VD883NbEq4HLw4DG,2022-06-17,201826,2021-12-21,Rock songs that get down and dirty. Cover: Dirty Honey,Dirty Rock
Facing My Fear,https://open.spotify.com/track/45AbDqJVqVU7nOxtW4SUTG,Facing My Fear,https://open.spotify.com/album/2SZbusvetbsKZUlv1ZzBIZ,Cortes,https://open.spotify.com/artist/4a4ek3VD883NbEq4HLw4DG,2020-12-11,201826,2021-12-21,Rock songs that get down and dirty. Cover: Dirty Honey,Dirty Rock
Fallin' With Me,https://open.spotify.com/track/5n3It3ROR8In19oJkpXeWt,Fallin' With Me,https://open.spotify.com/album/6zqWA4OhvhQL6qDFutqpw3,The Struts,https://open.spotify.com/artist/3lDpdwM8KILepMHqBWUhIA,2022-09-23,161791,2021-12-21,Rock songs that get down and dirty. Cover: Dirty Honey,Dirty Rock
Figure It Out,https://open.spotify.com/track/6V0A3jkb9ntudO0kmcJ1xd,Royal Blood,https://open.spotify.com/album/76fT51C9WtCgCcRJlt3PnG,Royal Blood,https://open.spotify.com/artist/2S5hlvw4CMtMGswFtfdK15,2020-12-11,183602,2021-12-21,Rock songs that get down and dirty. Cover: Dirty Honey,Dirty Rock
First High,https://open.spotify.com/track/6i7Xiao5B0cNpR3lFqrf9P,Denim & Diamonds,https://open.spotify.com/album/1AEHp7Ufjc2GEZGUlfFsML,Nikki Lane,https://open.spotify.com/artist/2kWeFaiHBskk8oqky3KHcR,2022-10-07,187867,2021-12-21,Rock songs that get down and dirty. Cover: Dirty Honey,Dirty Rock
Flesh and Bone,https://open.spotify.com/track/4l7F39cJ9mejxpuDp8rUX0,Flesh and Bone,https://open.spotify.com/album/3XNx3O1SSNkAwMUVQFJxBR,Blackberry Smoke,https://open.spotify.com/artist/5P1oS9DUTPEqcrmXDmX4p8,2020-12-11,272066,2021-12-21,Rock songs that get down and dirty. Cover: Dirty Honey,Dirty Rock
Forgiveness Through Pain,https://open.spotify.com/track/3li81Hq4UMXw8iDQboaL2y,Human Question,https://open.spotify.com/album/6RbAMKxuW5Z8thwxl5NRgW,The Yawpers,https://open.spotify.com/artist/6MYRV74tUjBf9X4PwTRykW,2020-12-11,180586,2021-12-21,Rock songs that get down and dirty. Cover: Dirty Honey,Dirty Rock
Free,https://open.spotify.com/track/4ge3xYgVatWT0FKV26FsyE,Erase You,https://open.spotify.com/album/40MZW6y8j9zJLyyB946IKH,Bleeker,https://open.spotify.com/artist/64tT0KKbU4AFWkO6v1VvXv,2020-12-11,145013,2021-12-21,Rock songs that get down and dirty. Cover: Dirty Honey,Dirty Rock
Girl Sports,https://open.spotify.com/track/6PmMCUt0JI6vrlVOFI6qM9,Girl Sports,https://open.spotify.com/album/4GhmoNO1PAmFUoAoPoKUz2,Teen Jesus and the Jean Teasers,https://open.spotify.com/artist/3KrgUUwoRQ6OQp4IOmqnSF,2022-06-13,194588,2021-12-21,Rock songs that get down and dirty. Cover: Dirty Honey,Dirty Rock
Grace,https://open.spotify.com/track/0aJq40QZqvfGubgfKy5knk,Grace,https://open.spotify.com/album/44ei9ptYrZ8ys7aXPW6bF8,Marcus Mumford,https://open.spotify.com/artist/3bYcjbVAN3rAuU3TMzw2mB,2022-09-16,253599,2021-12-21,Rock songs that get down and dirty. Cover: Dirty Honey,Dirty Rock
Grace,https://open.spotify.com/track/4i4gcJSMofr3Pe9YWThzRp,(self-titled),https://open.spotify.com/album/1vTQ7l9DHERJJYPMsKGpxE,Marcus Mumford,https://open.spotify.com/artist/3bYcjbVAN3rAuU3TMzw2mB,2022-09-16,253599,2021-12-21,Rock songs that get down and dirty. Cover: Dirty Honey,Dirty Rock
Grace,https://open.spotify.com/track/6w6rXsCnYcvDcHU6GMq8fZ,(self-titled),https://open.spotify.com/album/2PVuzlWu3Z7Af2y9O2Gppk,Marcus Mumford,https://open.spotify.com/artist/3bYcjbVAN3rAuU3TMzw2mB,2024-04-19,253599,2021-12-21,Rock songs that get down and dirty. Cover: Dirty Honey,Dirty Rock
Graveyard,https://open.spotify.com/track/5WwPOiBVI4Y2nrMubCneOy,Graveyard,https://open.spotify.com/album/53hoTqaWfuRUwTDtZI72Rx,No Money Kids,https://open.spotify.com/artist/7FhOFt7mORRpbrgHdSeCfF,2022-10-07,185798,2021-12-21,Rock songs that get down and dirty. Cover: Dirty Honey,Dirty Rock
Hard Working Man,https://open.spotify.com/track/2DaEFCMaprAH4vZmzQYaxc,Hard Working Man,https://open.spotify.com/album/49kNMARqo9FtWJ8OFIGF7s,Marcus King,https://open.spotify.com/artist/0FeWKiZSwBRdGzqeCdlH1a,2022-06-13,217066,2021-12-21,Rock songs that get down and dirty. Cover: Dirty Honey,Dirty Rock
Hard Working Man,https://open.spotify.com/track/3uQFmhiS49mXaEw2DZbZRr,Young Blood,https://open.spotify.com/album/5F4mBNKs4joGL2cGasbvi7,Marcus King,https://open.spotify.com/artist/0FeWKiZSwBRdGzqeCdlH1a,2022-08-26,217066,2021-12-21,Rock songs that get down and dirty. Cover: Dirty Honey,Dirty Rock
Haunted Heart,https://open.spotify.com/track/1g9gUDaH8idPgZcLZAa7Qx,Homewrecker,https://open.spotify.com/album/11g4QUzXzGxh7dOPxxy4CF,little hurricane,https://open.spotify.com/artist/5VLQQzAkJrzG7QggE4DVg2,2022-06-17,165481,2021-12-21,Rock songs that get down and dirty. Cover: Dirty Honey,Dirty Rock
Haunted Heart,https://open.spotify.com/track/2i68J1wrgk5doxeDXAzbRh,Haunted Heart - Single,https://open.spotify.com/album/2KllGeFaIjs0One0Cmfydb,little hurricane,https://open.spotify.com/artist/5VLQQzAkJrzG7QggE4DVg2,2020-12-11,165482,2021-12-21,Rock songs that get down and dirty. Cover: Dirty Honey,Dirty Rock
Head Bent,https://open.spotify.com/track/2bc22Mtzo62VAeFKA96KKD,Head Bent,https://open.spotify.com/album/2rSZBqwYTxFHA9yXxxdXxs,The Cold Stares,https://open.spotify.com/artist/0hLLs7dOw0Z1XBFFrLSDln,2020-12-11,154506,2021-12-21,Rock songs that get down and dirty. Cover: Dirty Honey,Dirty Rock
Head Bent,https://open.spotify.com/track/5w3GzMoxcXp5azirKIxJza,Head Bent,https://open.spotify.com/album/4VXrAdqkFnz2qNJGO0wmKL,The Cold Stares,https://open.spotify.com/artist/0hLLs7dOw0Z1XBFFrLSDln,2022-06-17,154506,2021-12-21,Rock songs that get down and dirty. Cover: Dirty Honey,Dirty Rock
Heartache Melody,https://open.spotify.com/track/1uZz1fImBM6bSk7BjwzIdw,Where Do We Go From Here?,https://open.spotify.com/album/4mugwf4oHm7gG12MrLJsJV,Electric Enemy,https://open.spotify.com/artist/2N1mByBMykfROrhwRVQV3v,2022-10-07,172140,2021-12-21,Rock songs that get down and dirty. Cover: Dirty Honey,Dirty Rock
Heartache Melody,https://open.spotify.com/track/38vs4sreYIEWp6niXlaKDA,Heartache Melody,https://open.spotify.com/album/4tlRcnslK5s2I3Krc6DY2g,Electric Enemy,https://open.spotify.com/artist/2N1mByBMykfROrhwRVQV3v,2022-10-07,172140,2021-12-21,Rock songs that get down and dirty. Cover: Dirty Honey,Dirty Rock
Heartache Melody,https://open.spotify.com/track/3SiZI9CQ5wjl79gs0gem6Q,Heartache Melody,https://open.spotify.com/album/5vgjMsTYIGUJe9D46PANW4,Electric Enemy,https://open.spotify.com/artist/2N1mByBMykfROrhwRVQV3v,2020-12-11,172140,2021-12-21,Rock songs that get down and dirty. Cover: Dirty Honey,Dirty Rock
Heaven Knows,https://open.spotify.com/track/4lEnkalPpZEYgTzV5t9oJL,Grownass Man,https://open.spotify.com/album/2jnRkK55ZjE9XLKhJjyePK,The Shouting Matches,https://open.spotify.com/artist/4Ol9S3QuVEVdbXfSjM6ZdQ,2020-12-11,215480,2021-12-21,Rock songs that get down and dirty. Cover: Dirty Honey,Dirty Rock
Hellfire,https://open.spotify.com/track/57ala3dITsOzu59EfKMTlA,The Dull Drums - EP,https://open.spotify.com/album/4VK3Q5h20xhrakwpBnxDDf,Barns Courtney,https://open.spotify.com/artist/5tFRohaO5yEsuJxmMnlCO9,2020-12-11,168852,2021-12-21,Rock songs that get down and dirty. Cover: Dirty Honey,Dirty Rock
Highway,https://open.spotify.com/track/1MErD2rlHmrMnA8JQZac1N,Erase You,https://open.spotify.com/album/0tUmHGR6wK19sQAMxuYmuP,Bleeker,https://open.spotify.com/artist/64tT0KKbU4AFWkO6v1VvXv,2023-07-07,201680,2021-12-21,Rock songs that get down and dirty. Cover: Dirty Honey,Dirty Rock
Highway,https://open.spotify.com/track/7aQT5OB4zEgyyxfRDbOBIt,Erase You,https://open.spotify.com/album/40MZW6y8j9zJLyyB946IKH,Bleeker,https://open.spotify.com/artist/64tT0KKbU4AFWkO6v1VvXv,2020-12-11,201680,2021-12-21,Rock songs that get down and dirty. Cover: Dirty Honey,Dirty Rock
Highway Tune,https://open.spotify.com/track/0GkKtO9yXrnV2WYlP93lwq,This Is Rock Music,https://open.spotify.com/album/6ylXupauSn6vzijMaGc5kK,Greta Van Fleet,https://open.spotify.com/artist/4NpFxQe2UvRCAjto3JqlSl,2022-10-07,180640,2021-12-21,Rock songs that get down and dirty. Cover: Dirty Honey,Dirty Rock
Highway Tune,https://open.spotify.com/track/7aOor99o8NNLZYElOXlBG1,From The Fires,https://open.spotify.com/album/6uSnHSIBGKUiW1uKQLYZ7w,Greta Van Fleet,https://open.spotify.com/artist/4NpFxQe2UvRCAjto3JqlSl,2022-06-17,180640,2021-12-21,Rock songs that get down and dirty. Cover: Dirty Honey,Dirty Rock
Highway Tune,https://open.spotify.com/track/7JuD5r43XpRLSrUBRBQ7Dy,Black Smoke Rising,https://open.spotify.com/album/23lA1QsNgeWOsMy0OlFRWC,Greta Van Fleet,https://open.spotify.com/artist/4NpFxQe2UvRCAjto3JqlSl,2020-12-11,181213,2021-12-21,Rock songs that get down and dirty. Cover: Dirty Honey,Dirty Rock
Hit the Ground,https://open.spotify.com/track/55mdS8S3yfaFlQkFmfTEYU,Hit the Ground,https://open.spotify.com/album/4nytNWaRb3frxwuHFk6lj4,No Fit State,https://open.spotify.com/artist/51dJqJNH1kWA81xA9UbXnX,2020-12-11,196770,2021-12-21,Rock songs that get down and dirty. Cover: Dirty Honey,Dirty Rock
Holy Ghost Fire,https://open.spotify.com/track/3VuJi1qJ2gcL7XHjEJZuga,Holy Ghost Fire,https://open.spotify.com/album/4VBgT5PAWX8PmnDSvqbdht,Larkin Poe,https://open.spotify.com/artist/7d10VF1J4LqW7vrpPOngzm,2020-12-11,202917,2021-12-21,Rock songs that get down and dirty. Cover: Dirty Honey,Dirty Rock
Holy Ghost Fire,https://open.spotify.com/track/59wQXbDYHOHYUbLRySohsP,Self Made Man,https://open.spotify.com/album/50aq2p3SeGo4aKtihf81Wf,Larkin Poe,https://open.spotify.com/artist/7d10VF1J4LqW7vrpPOngzm,2022-10-07,202917,2021-12-21,Rock songs that get down and dirty. Cover: Dirty Honey,Dirty Rock
hometown,https://open.spotify.com/track/2kFKIFc5RSTlhuGed6ZNZ7,hometown,https://open.spotify.com/album/7yjLHSrliMRNIEeh9d02Kg,cleopatrick,https://open.spotify.com/artist/6VTvaLJ9arNmKi8e1ekOwW,2020-12-11,256071,2021-12-21,Rock songs that get down and dirty. Cover: Dirty Honey,Dirty Rock
hometown,https://open.spotify.com/track/66fqQMyrd72d6MOP1X0VcY,the boys,https://open.spotify.com/album/7fnpUcZ2WQa8fZpp5iCbTo,cleopatrick,https://open.spotify.com/artist/6VTvaLJ9arNmKi8e1ekOwW,2022-10-07,256071,2021-12-21,Rock songs that get down and dirty. Cover: Dirty Honey,Dirty Rock
hometown,https://open.spotify.com/track/6p8DGrcAUBuLUgDIKcUn0P,hometown,https://open.spotify.com/album/3vYwarsz5qWMYHL3B9b5ni,cleopatrick,https://open.spotify.com/artist/6VTvaLJ9arNmKi8e1ekOwW,2022-06-17,256071,2021-12-21,Rock songs that get down and dirty. Cover: Dirty Honey,Dirty Rock
Honeybrains,https://open.spotify.com/track/3OtId2P71K4wGAAJk8QCIR,Honeybrains,https://open.spotify.com/album/2UU1wWCSelmdLWr5OPlyGt,Royal Blood,https://open.spotify.com/artist/2S5hlvw4CMtMGswFtfdK15,2022-06-13,186847,2021-12-21,Rock songs that get down and dirty. Cover: Dirty Honey,Dirty Rock
"Hook, Line & Sinker",https://open.spotify.com/track/5I69y4P1gq3WA2B5AHVicr,"Hook, Line & Sinker",https://open.spotify.com/album/7zJ0Jal5P5lVnfe7gnuo86,Royal Blood,https://open.spotify.com/artist/2S5hlvw4CMtMGswFtfdK15,2020-12-11,207760,2021-12-21,Rock songs that get down and dirty. Cover: Dirty Honey,Dirty Rock
Hot Blood,https://open.spotify.com/track/7d9sZF7jmepe2EYdETlNWK,A/B,https://open.spotify.com/album/4he4SQup02hEIQdwhZlZlk,KALEO,https://open.spotify.com/artist/7jdFEYD2LTYjfwxOdlVjmc,2020-12-11,218600,2021-12-21,Rock songs that get down and dirty. Cover: Dirty Honey,Dirty Rock
How You Like Me Now,https://open.spotify.com/track/5IpfwhirP044EQ2AqqVKCj,The House That Dirt Built,https://open.spotify.com/album/3mvFb1wQ7ItcmCkbSAcMvr,The Heavy,https://open.spotify.com/artist/0bZCak2tcRMY1dzEIuwF42,2020-12-11,217493,2021-12-21,Rock songs that get down and dirty. Cover: Dirty Honey,Dirty Rock
How You Like Me Now,https://open.spotify.com/track/7D180Q77XAEP7atBLmMTgK,The House That Dirt Built,https://open.spotify.com/album/0sKcuounq52lm9hmFwEZN5,The Heavy,https://open.spotify.com/artist/0bZCak2tcRMY1dzEIuwF42,2022-06-17,217493,2021-12-21,Rock songs that get down and dirty. Cover: Dirty Honey,Dirty Rock
Howlin' for You,https://open.spotify.com/track/0grFc6klR3hxoHLcgCYsF4,Brothers,https://open.spotify.com/album/7qE6RXYyz5kj5Tll7mJU0v,The Black Keys,https://open.spotify.com/artist/7mnBLXK823vNxN3UWB7Gfz,2020-12-11,191800,2021-12-21,Rock songs that get down and dirty. Cover: Dirty Honey,Dirty Rock
I Can't Hear You,https://open.spotify.com/track/3O1rkVw6tpDizXzHqMZfh5,Sea of Cowards,https://open.spotify.com/album/5QaEJj1wEqIePsjVtMzReu,The Dead Weather,https://open.spotify.com/artist/4AZab8zo2nTYd7ORDmQu0V,2020-12-11,215093,2021-12-21,Rock songs that get down and dirty. Cover: Dirty Honey,Dirty Rock
I Can't Hear You,https://open.spotify.com/track/3W6bchE2NDsXdyfbhkHjjB,Sea of Cowards,https://open.spotify.com/album/77B6oHxsalO8agATK8uGN0,The Dead Weather,https://open.spotify.com/artist/4AZab8zo2nTYd7ORDmQu0V,2023-09-22,215093,2021-12-21,Rock songs that get down and dirty. Cover: Dirty Honey,Dirty Rock
I'm A King Bee,https://open.spotify.com/track/01RPOnIW38TuFv0CvHdVmz,I'm A King Bee,https://open.spotify.com/album/57q06NuEHVw0MAqZT3hEUV,The Stone Foxes,https://open.spotify.com/artist/40N10exWtaCVUtBMftQn3t,2022-06-17,199597,2021-12-21,Rock songs that get down and dirty. Cover: Dirty Honey,Dirty Rock
I'm A King Bee,https://open.spotify.com/track/14vst2Dkr7OkYyzf1fftLu,I'm A King Bee,https://open.spotify.com/album/7Ih57vkBvpgCoL0Rd5Eq7q,The Stone Foxes,https://open.spotify.com/artist/40N10exWtaCVUtBMftQn3t,2020-12-11,199597,2021-12-21,Rock songs that get down and dirty. Cover: Dirty Honey,Dirty Rock
I'm America,https://open.spotify.com/track/5HYEjfX8h3F82Qyb96PXg8,I'm America,https://open.spotify.com/album/7fbGdV2SozDKmWAAmSY3fo,Cilver,https://open.spotify.com/artist/5fpD3Iuy3RvPzcbWiekX7h,2020-12-11,222173,2021-12-21,Rock songs that get down and dirty. Cover: Dirty Honey,Dirty Rock
Icky Thump,https://open.spotify.com/track/09QZAEmdbq28OaNyqTOEvY,Icky Thump,https://open.spotify.com/album/1Mu6HgmdfdiQTOZ8mPEyFU,The White Stripes,https://open.spotify.com/artist/4F84IBURUo98rz4r61KF70,2020-12-11,254533,2021-12-21,Rock songs that get down and dirty. Cover: Dirty Honey,Dirty Rock
Icky Thump,https://open.spotify.com/track/2LMq1O0NiqGhPOlXo3McYQ,Icky Thump,https://open.spotify.com/album/2DSNJ8bdoYfC6Uydg8ilBC,The White Stripes,https://open.spotify.com/artist/4F84IBURUo98rz4r61KF70,2022-06-17,254533,2021-12-21,Rock songs that get down and dirty. Cover: Dirty Honey,Dirty Rock
Invincible,https://open.spotify.com/track/1r7PBed0nZQo31UU1g0aRA,Invincible,https://open.spotify.com/album/65pbAYp4nfHGSZknGgvbDy,The Unlikely Candidates,https://open.spotify.com/artist/4hwJwkgsufeilLXS1ZfJqq,2020-12-11,201230,2021-12-21,Rock songs that get down and dirty. Cover: Dirty Honey,Dirty Rock
It's Too Late,https://open.spotify.com/track/53Gb8Nw4rYNcyQrdGe3ACO,Young Blood,https://open.spotify.com/album/5F4mBNKs4joGL2cGasbvi7,Marcus King,https://open.spotify.com/artist/0FeWKiZSwBRdGzqeCdlH1a,2022-08-26,176373,2021-12-21,Rock songs that get down and dirty. Cover: Dirty Honey,Dirty Rock
Kevin,https://open.spotify.com/track/3bTJRzsVHaL4JOmmNX4Cm3,Slomosa,https://open.spotify.com/album/4P0wMxlWvsilPWY5tbvVKS,Slomosa,https://open.spotify.com/artist/0l7GXb53ndWn97ul8Hpfzd,2020-12-11,167389,2021-12-21,Rock songs that get down and dirty. Cover: Dirty Honey,Dirty Rock
Legendary,https://open.spotify.com/track/579cIDb3DYSkR0AULxrAvW,Legendary,https://open.spotify.com/album/3BzcCNIizREnaZlZlxMEZG,Welshly Arms,https://open.spotify.com/artist/1xKrH6GSh9CJh8nYwbqW7B,2020-12-11,230698,2021-12-21,Rock songs that get down and dirty. Cover: Dirty Honey,Dirty Rock
Legendary,https://open.spotify.com/track/2bDENJyfbxj0neGiXUFvIX,No Place Is Home,https://open.spotify.com/album/4UXg0K9s6iGFntzsrYDdWF,Welshly Arms,https://open.spotify.com/artist/1xKrH6GSh9CJh8nYwbqW7B,2022-06-17,232173,2021-12-21,Rock songs that get down and dirty. Cover: Dirty Honey,Dirty Rock
Let It Ride,https://open.spotify.com/track/1TR1KgInMmVlpCI6QWg0Ze,Let It Ride,https://open.spotify.com/album/7xTvFnKhIlcMerkgIIV9jA,The Blue Stones,https://open.spotify.com/artist/5VPCIIfZPK8KPsgz4jmOEC,2020-12-11,217786,2021-12-21,Rock songs that get down and dirty. Cover: Dirty Honey,Dirty Rock
Let Me Live / Let Me Die,https://open.spotify.com/track/0AVIswXP3Q5FnlorjU0DbI,Let the Vultures In,https://open.spotify.com/album/0NvZagPSgA7PLFI7yydUTn,Des Rocs,https://open.spotify.com/artist/2kO6mP0olFJGGh6kvUdNC8,2022-09-16,207141,2021-12-21,Rock songs that get down and dirty. Cover: Dirty Honey,Dirty Rock
Let Me Live / Let Me Die,https://open.spotify.com/track/2UKMqNCVsHrAYzBZMA0rxL,Let Me Live / Let Me Die,https://open.spotify.com/album/1aY43nCh7Oy0D7KEfPRqBA,Des Rocs,https://open.spotify.com/artist/2kO6mP0olFJGGh6kvUdNC8,2020-12-11,207141,2021-12-21,Rock songs that get down and dirty. Cover: Dirty Honey,Dirty Rock
Let Me Live / Let Me Die,https://open.spotify.com/track/481idAnpIOHEjR4YPsbA0y,Let the Vultures In,https://open.spotify.com/album/0fnAV8la7b1AZjAfY1oyXZ,Des Rocs,https://open.spotify.com/artist/2kO6mP0olFJGGh6kvUdNC8,2022-06-17,207141,2021-12-21,Rock songs that get down and dirty. Cover: Dirty Honey,Dirty Rock
Lights of The City,https://open.spotify.com/track/5APY2t9RdWVJSg4jDObkip,Lights of The City,https://open.spotify.com/album/3fh6NNy3oDxvPS3EILbMw5,Pink Mountaintops,https://open.spotify.com/artist/1g58rJkJZVaUGMUTHTZmYi,2022-03-02,273533,2021-12-21,Rock songs that get down and dirty. Cover: Dirty Honey,Dirty Rock
Lights Out,https://open.spotify.com/track/3mkmTUcZtQxuKpyM44lGj6,Lights Out,https://open.spotify.com/album/7G48dtcmfU6QUGbf5Z3JuA,Royal Blood,https://open.spotify.com/artist/2S5hlvw4CMtMGswFtfdK15,2020-12-11,236556,2021-12-21,Rock songs that get down and dirty. Cover: Dirty Honey,Dirty Rock
Like A Drug,https://open.spotify.com/track/0eW2eEXedTyfGXZkuppSPh,Black Box,https://open.spotify.com/album/6mvff3ZBKcQlXaZrTT0fs5,BRKN LOVE,https://open.spotify.com/artist/2Hkg1gn2Hpar1sVP8adtNp,2022-10-07,212621,2021-12-21,Rock songs that get down and dirty. Cover: Dirty Honey,Dirty Rock
Like A Drug,https://open.spotify.com/track/72R08p6rgsH9xCYu5xcfCS,Vol. 1,https://open.spotify.com/album/0C4HBTbxm3KCIHMGBKV4Zj,BRKN LOVE,https://open.spotify.com/artist/2Hkg1gn2Hpar1sVP8adtNp,2022-06-13,212621,2021-12-21,Rock songs that get down and dirty. Cover: Dirty Honey,Dirty Rock
Listen My Son,https://open.spotify.com/track/7rfsMduLxpnpfVs2PYZDPA,Out There (Reissue),https://open.spotify.com/album/2U1jJNna9qGdwhn3xwhayW,The Unseen Guest,https://open.spotify.com/artist/5bntpAREWYPLEXmxZLN2aL,2020-12-11,240773,2021-12-21,Rock songs that get down and dirty. Cover: Dirty Honey,Dirty Rock
Lo/Hi,https://open.spotify.com/track/25YlltWXRb9k7KbrEBRuhJ,"""Let's Rock""",https://open.spotify.com/album/0aA9rYw8PEv9G7tVIJ9dKg,The Black Keys,https://open.spotify.com/artist/7mnBLXK823vNxN3UWB7Gfz,2022-06-17,177768,2021-12-21,Rock songs that get down and dirty. Cover: Dirty Honey,Dirty Rock
Lo/Hi,https://open.spotify.com/track/77MbZsDaKvJEizcU36WnMu,Go / Eagle Birds / Lo/Hi,https://open.spotify.com/album/09hrL0Pk3gObwTh2MIAGaG,The Black Keys,https://open.spotify.com/artist/7mnBLXK823vNxN3UWB7Gfz,2020-12-11,177768,2021-12-21,Rock songs that get down and dirty. Cover: Dirty Honey,Dirty Rock
Loose Ends,https://open.spotify.com/track/2tyb5TSxnb2QjkuVEhd3Do,Loose Ends,https://open.spotify.com/album/1N5dnmGRZ54m8LeQ4kCajv,Cortes,https://open.spotify.com/artist/4a4ek3VD883NbEq4HLw4DG,2022-06-17,160550,2021-12-21,Rock songs that get down and dirty. Cover: Dirty Honey,Dirty Rock
Loose Ends,https://open.spotify.com/track/4rZaSU1gqk7zkywTDqxGeX,Loose Ends,https://open.spotify.com/album/47kuTI9HG6YuOBMhyIe3qQ,Cortes,https://open.spotify.com/artist/4a4ek3VD883NbEq4HLw4DG,2020-12-11,160550,2021-12-21,Rock songs that get down and dirty. Cover: Dirty Honey,Dirty Rock
Loose Ends - Radio Edit,https://open.spotify.com/track/6qKxLKqfiLKTcnTQxIXBva,Loose Ends (Radio Edit),https://open.spotify.com/album/3mNJPx19RmB65BNihohd4M,Cortes,https://open.spotify.com/artist/4a4ek3VD883NbEq4HLw4DG,2022-10-07,160550,2021-12-21,Rock songs that get down and dirty. Cover: Dirty Honey,Dirty Rock
Love Is All You Love,https://open.spotify.com/track/23yFGudxXhWkEP0DQDiYgB,Love Is All You Love,https://open.spotify.com/album/5vo1GaBWX1gtv5xKobictw,Band Of Skulls,https://open.spotify.com/artist/4ddt8PPvmWrI9mJQy1VrIG,2022-06-17,202813,2021-12-21,Rock songs that get down and dirty. Cover: Dirty Honey,Dirty Rock
Love Is All You Love,https://open.spotify.com/track/26NeDcBDtSOsdwYjGO9Mrl,Love Is All You Love,https://open.spotify.com/album/2wPUZq7cmmqMMchtCMgJSO,Band Of Skulls,https://open.spotify.com/artist/4ddt8PPvmWrI9mJQy1VrIG,2020-12-11,202813,2021-12-21,Rock songs that get down and dirty. Cover: Dirty Honey,Dirty Rock
Love Is All You Love,https://open.spotify.com/track/5ar90tHObtxTUQqshxOJhz,Love Is All You Love,https://open.spotify.com/album/2XbzGim2SCxpbVL1N9eqkE,Band Of Skulls,https://open.spotify.com/artist/4ddt8PPvmWrI9mJQy1VrIG,2022-10-07,202813,2021-12-21,Rock songs that get down and dirty. Cover: Dirty Honey,Dirty Rock
Love Is All You Love,https://open.spotify.com/track/7IK9YaeFV0wEZmtDl9B2XK,Love Is All You Love,https://open.spotify.com/album/1sdwEPqBv44CrAXxLAfK9O,Band Of Skulls,https://open.spotify.com/artist/4ddt8PPvmWrI9mJQy1VrIG,2022-10-07,202813,2021-12-21,Rock songs that get down and dirty. Cover: Dirty Honey,Dirty Rock
Love Spills,https://open.spotify.com/track/6PgYxALBTd2JmgsU8neAUz,Delicious Rock Noise,https://open.spotify.com/album/40oVGFomjqPGwUzPRkxnqG,Radkey,https://open.spotify.com/artist/1egsOeSvcQyacni1rL6c4C,2022-10-07,211106,2021-12-21,Rock songs that get down and dirty. Cover: Dirty Honey,Dirty Rock
Love Spills,https://open.spotify.com/track/1Be8ytAIubyZBVffoubQzj,Dark Black Makeup,https://open.spotify.com/album/2KfVV36ma18SbZKRmFcXKf,Radkey,https://open.spotify.com/artist/1egsOeSvcQyacni1rL6c4C,2020-12-11,212613,2021-12-21,Rock songs that get down and dirty. Cover: Dirty Honey,Dirty Rock
Love Spills,https://open.spotify.com/track/4aHCv8GvpWvyUpUI2yPt5v,Love Spills,https://open.spotify.com/album/7c5n3znhkQRsjSgSHd4Txe,Radkey,https://open.spotify.com/artist/1egsOeSvcQyacni1rL6c4C,2022-10-07,212613,2021-12-21,Rock songs that get down and dirty. Cover: Dirty Honey,Dirty Rock
LUCKY PENNY,https://open.spotify.com/track/4qHSciBVrNNpUlI8TT9CHQ,LUCKY PENNY,https://open.spotify.com/album/0jhsnoHuQRJHawKMLxQe5P,JD McPherson,https://open.spotify.com/artist/6u5mhJXgAKPTj6YVlZSPY9,2020-12-11,214266,2021-12-21,Rock songs that get down and dirty. Cover: Dirty Honey,Dirty Rock
LUCKY PENNY,https://open.spotify.com/track/5szOfM7kagFfpqaqBZdq9y,UNDIVIDED HEART & SOUL,https://open.spotify.com/album/4tqTkXi6AvexkQU5qEB2eJ,JD McPherson,https://open.spotify.com/artist/6u5mhJXgAKPTj6YVlZSPY9,2023-09-22,214266,2021-12-21,Rock songs that get down and dirty. Cover: Dirty Honey,Dirty Rock
Lydia,https://open.spotify.com/track/7yoBjKO6cCnK3zV8gr1k4e,Mister Asylum,https://open.spotify.com/album/7wGLeeJt18EBjc181FP2cM,Highly Suspect,https://open.spotify.com/artist/2pqd3HsfsvcBGtHvPOg6eg,2020-12-11,242560,2021-12-21,Rock songs that get down and dirty. Cover: Dirty Honey,Dirty Rock
Making Gestures,https://open.spotify.com/track/675pQka4krUCyb7zMX3M7y,Funeral Mixtape,https://open.spotify.com/album/2LXcr5m7LagfVGni7NcYQy,The Pack a.d.,https://open.spotify.com/artist/2gbOUPIhea9nrCmAeZBgpo,2020-12-11,250013,2021-12-21,Rock songs that get down and dirty. Cover: Dirty Honey,Dirty Rock
Man Of The Moment,https://open.spotify.com/track/4r1CZyGCeMQQEwJTeVE4yr,Man Of The Moment,https://open.spotify.com/album/5kmSEYhBqMvmEHMtGbPTp5,Goodbye June,https://open.spotify.com/artist/1l9I7G8J8AnMScWQwlNJ4M,2020-12-11,192929,2021-12-21,Rock songs that get down and dirty. Cover: Dirty Honey,Dirty Rock
Man Of The Moment,https://open.spotify.com/track/3qRiuJRs7u3Aj2AXkzbmD4,Man Of The Moment,https://open.spotify.com/album/5ldOPfh3jfvF1rqkTlMPay,Goodbye June,https://open.spotify.com/artist/1l9I7G8J8AnMScWQwlNJ4M,2022-06-17,192933,2021-12-21,Rock songs that get down and dirty. Cover: Dirty Honey,Dirty Rock
Mercy,https://open.spotify.com/track/1QmhRaPMEMuYKRutxt9ond,Mercy,https://open.spotify.com/album/1pw5musYA2A2FWpswW9rzK,Ayron Jones,https://open.spotify.com/artist/1iEaqWaYpKo9x0OrEq7Q7z,2021-03-10,205830,2021-12-21,Rock songs that get down and dirty. Cover: Dirty Honey,Dirty Rock
Mercy,https://open.spotify.com/track/4OSWIup9gKCkIdVvdkLEOE,Child Of The State,https://open.spotify.com/album/7GGIqGci2fE3pMFdD8dI1y,Ayron Jones,https://open.spotify.com/artist/1iEaqWaYpKo9x0OrEq7Q7z,2022-06-17,205830,2021-12-21,Rock songs that get down and dirty. Cover: Dirty Honey,Dirty Rock
Mercy Mercy,https://open.spotify.com/track/1ksVGMm8GlcSWFie5mYPcI,Mercy Mercy,https://open.spotify.com/album/6FKtvXBwTBfOTXKA7M0sEB,The Glorious Sons,https://open.spotify.com/artist/5CPxrqCStgt6AfI4fLiedH,2023-06-09,178880,2021-12-21,Rock songs that get down and dirty. Cover: Dirty Honey,Dirty Rock
"Money Comes, Money Goes",https://open.spotify.com/track/2GJTLNHdLTkzPmAmbEAIZQ,Oddnote,https://open.spotify.com/album/4tNekkQlNnl1w35ZjPF2TZ,Oddnote,https://open.spotify.com/artist/4hta9ZhozvyoMvISi2b5gS,2020-12-11,153469,2021-12-21,Rock songs that get down and dirty. Cover: Dirty Honey,Dirty Rock
Mother - Single Version,https://open.spotify.com/track/2IHxrbIAQB5sRZTGYvEd01,Mother,https://open.spotify.com/album/2c7XK3szugi5FXXyULDCc2,The Amazons,https://open.spotify.com/artist/7243txmysJ4KbRmH8UAMKO,2020-12-11,305345,2021-12-21,Rock songs that get down and dirty. Cover: Dirty Honey,Dirty Rock
Mountain,https://open.spotify.com/track/696wtDyZUK2UJgu0fsVGIT,Rise Over Run,https://open.spotify.com/album/3MZLNriYh8pH7kMYkbUxhk,Crown Lands,https://open.spotify.com/artist/0MnazDWzh4tAnT5y4vWZFr,2022-06-17,191866,2021-12-21,Rock songs that get down and dirty. Cover: Dirty Honey,Dirty Rock
Mountain,https://open.spotify.com/track/4S28LWCOCR7eKkYYCrk9fN,Rise over Run,https://open.spotify.com/album/1hK7IEatzxrFQPviKTR5Cs,Crown Lands,https://open.spotify.com/artist/0MnazDWzh4tAnT5y4vWZFr,2020-12-11,191869,2021-12-21,Rock songs that get down and dirty. Cover: Dirty Honey,Dirty Rock
Mountains At Midnight,https://open.spotify.com/track/5Gd7o89niXpFLpVBvvUPHD,Mountains At Midnight,https://open.spotify.com/album/5wgGNTxh21tE16K9yPMBIc,Royal Blood,https://open.spotify.com/artist/2S5hlvw4CMtMGswFtfdK15,2023-06-09,186196,2021-12-21,Rock songs that get down and dirty. Cover: Dirty Honey,Dirty Rock
Mountains At Midnight,https://open.spotify.com/track/63V2LU9M9pLkimultjujl5,Back To The Water Below,https://open.spotify.com/album/4B9IAqwQaPYHQi7kJcpPFQ,Royal Blood,https://open.spotify.com/artist/2S5hlvw4CMtMGswFtfdK15,2023-09-22,186196,2021-12-21,Rock songs that get down and dirty. Cover: Dirty Honey,Dirty Rock
Muthafucka,https://open.spotify.com/track/0koOeT7EjvzMcucBjzPrXt,Muthafucka,https://open.spotify.com/album/2SCJscKF1vhsHhQ8Hgqlbj,Beware Of Darkness,https://open.spotify.com/artist/4DGNqGOtNY9niSpCKwINyU,2022-10-07,212853,2021-12-21,Rock songs that get down and dirty. Cover: Dirty Honey,Dirty Rock
Muthafucka,https://open.spotify.com/track/3V3JJZVln8sC8V6raJNmKk,Are You Real?,https://open.spotify.com/album/4rkueE4vDufCTC5OKoREtR,Beware Of Darkness,https://open.spotify.com/artist/4DGNqGOtNY9niSpCKwINyU,2022-10-07,212853,2021-12-21,Rock songs that get down and dirty. Cover: Dirty Honey,Dirty Rock
Muthafucka,https://open.spotify.com/track/5wEVFJ7jgjceB228fdYW2W,Muthafucka,https://open.spotify.com/album/4XMwMHcCcn4YsRwhqgO8Xo,Beware Of Darkness,https://open.spotify.com/artist/4DGNqGOtNY9niSpCKwINyU,2020-12-11,212853,2021-12-21,Rock songs that get down and dirty. Cover: Dirty Honey,Dirty Rock
Muthafucka,https://open.spotify.com/track/625tsqZDXgxdxEJ7cdonWT,Are You Real?,https://open.spotify.com/album/7jiH53ruZb67gF8pvAXS9g,Beware Of Darkness,https://open.spotify.com/artist/4DGNqGOtNY9niSpCKwINyU,2022-06-17,212853,2021-12-21,Rock songs that get down and dirty. Cover: Dirty Honey,Dirty Rock
My Name Is Human,https://open.spotify.com/track/3VYgUNGdcQwfjDukoYkFWf,My Name Is Human,https://open.spotify.com/album/0UkO5kKwHPWG9K3Q4MJrCQ,Highly Suspect,https://open.spotify.com/artist/2pqd3HsfsvcBGtHvPOg6eg,2020-12-11,258640,2021-12-21,Rock songs that get down and dirty. Cover: Dirty Honey,Dirty Rock
My Name Is Human,https://open.spotify.com/track/1euszbbvkUzQzIhZUWFmXG,The Boy Who Died Wolf,https://open.spotify.com/album/3TC40H9dIJArFzy0rWnWCg,Highly Suspect,https://open.spotify.com/artist/2pqd3HsfsvcBGtHvPOg6eg,2022-06-17,258773,2021-12-21,Rock songs that get down and dirty. Cover: Dirty Honey,Dirty Rock
Natural Born Killer,https://open.spotify.com/track/4nMUPQeTor23d8RxiiJO9W,The Midnight Demon Club,https://open.spotify.com/album/0SWbz68LauoDrMdgdNv6gr,Highly Suspect,https://open.spotify.com/artist/2pqd3HsfsvcBGtHvPOg6eg,2022-09-23,196135,2021-12-21,Rock songs that get down and dirty. Cover: Dirty Honey,Dirty Rock
Nearly Forgot My Broken Heart,https://open.spotify.com/track/7MjRtWS2teufvOiMM0BARZ,Higher Truth,https://open.spotify.com/album/0n7hphNFF3s9pov8oaATFl,Chris Cornell,https://open.spotify.com/artist/0XHiH53dHrvbwfjYM7en7I,2020-12-11,234426,2021-12-21,Rock songs that get down and dirty. Cover: Dirty Honey,Dirty Rock
Never Ending Moment,https://open.spotify.com/track/4LltjSEOq80cOSFeIM6LOz,Never Ending Moment,https://open.spotify.com/album/313xyg9CxQWvoeOvih1QOW,Des Rocs,https://open.spotify.com/artist/2kO6mP0olFJGGh6kvUdNC8,2023-06-09,257946,2021-12-21,Rock songs that get down and dirty. Cover: Dirty Honey,Dirty Rock
New Fang,https://open.spotify.com/track/7uJLdyIAaYLGT0oLw7I6b3,Them Crooked Vultures,https://open.spotify.com/album/0Z6IBizcq7DLXpenjSHqF3,Them Crooked Vultures,https://open.spotify.com/artist/4zYQWYmtimAEmI6WWEzGfO,2022-06-17,228639,2021-12-21,Rock songs that get down and dirty. Cover: Dirty Honey,Dirty Rock
New Fang,https://open.spotify.com/track/7aPJPm0yFfRrTuBw05qVE3,Them Crooked Vultures,https://open.spotify.com/album/2J1Su4rQL12Nf3v6w3MBvl,Them Crooked Vultures,https://open.spotify.com/artist/4zYQWYmtimAEmI6WWEzGfO,2020-12-11,228640,2021-12-21,Rock songs that get down and dirty. Cover: Dirty Honey,Dirty Rock
New Religion,https://open.spotify.com/track/0qbZvLGXmGCgnjPmCzApBb,Volume One,https://open.spotify.com/album/4eh59alwAr94nFWOa3mhJN,MARGARET WHO,https://open.spotify.com/artist/4MK9YwLEBXVuWpc4vwfwld,2022-06-17,184000,2021-12-21,Rock songs that get down and dirty. Cover: Dirty Honey,Dirty Rock
New Religion,https://open.spotify.com/track/12bROaJdDuPuuhyXKepRSr,New Religion,https://open.spotify.com/album/39rnzI5FiH4GEPk9vQlHKS,Migrant Motel,https://open.spotify.com/artist/0T63uYYYnOxOXV7bDF0K0G,2022-10-07,184000,2021-12-21,Rock songs that get down and dirty. Cover: Dirty Honey,Dirty Rock
New Religion,https://open.spotify.com/track/2J4QIV77CWoIWN6IY2u6pC,New Religion,https://open.spotify.com/album/1j5F4zP1ri1X9Qk89iMqDo,Migrant Motel,https://open.spotify.com/artist/0T63uYYYnOxOXV7bDF0K0G,2020-12-11,184000,2021-12-21,Rock songs that get down and dirty. Cover: Dirty Honey,Dirty Rock
Night People,https://open.spotify.com/track/0deuG8hdDyPJCsT3qovhF0,Night People,https://open.spotify.com/album/1snS7GPKcsbRHihG1ug2VN,You Me At Six,https://open.spotify.com/artist/1kNQXvepPjaPgUfeDAF2h6,2023-09-22,183720,2021-12-21,Rock songs that get down and dirty. Cover: Dirty Honey,Dirty Rock
Night People,https://open.spotify.com/track/3MHQIhSrgQsFYLo6JLioDX,Night People,https://open.spotify.com/album/5eBbhy3VsZGEO4objsrmZg,You Me At Six,https://open.spotify.com/artist/1kNQXvepPjaPgUfeDAF2h6,2020-12-11,183720,2021-12-21,Rock songs that get down and dirty. Cover: Dirty Honey,Dirty Rock
No One Knows,https://open.spotify.com/track/6NvRxjfYkkT2SpirAlmsjH,Songs For The Deaf,https://open.spotify.com/album/58HZZpS0wxJKwGjoerg0mk,Queens of the Stone Age,https://open.spotify.com/artist/4pejUc4iciQfgdX6OKulQn,2020-12-11,278706,2021-12-21,Rock songs that get down and dirty. Cover: Dirty Honey,Dirty Rock
No Retreat,https://open.spotify.com/track/4Ah9x6y0X02TeazteMaypU,No Retreat,https://open.spotify.com/album/0UVZOcERtsgpRdeiFSAbMu,Joe Marson,https://open.spotify.com/artist/4nFQ7IhLVK3MsKRjhq9LKi,2022-06-17,159437,2021-12-21,Rock songs that get down and dirty. Cover: Dirty Honey,Dirty Rock
No Retreat,https://open.spotify.com/track/6Txc1UaLPh4rMYoQM2Ea63,No Retreat,https://open.spotify.com/album/1hJC5oTGQXCpAN5IGwRNQk,Joe Marson,https://open.spotify.com/artist/4nFQ7IhLVK3MsKRjhq9LKi,2020-12-11,159437,2021-12-21,Rock songs that get down and dirty. Cover: Dirty Honey,Dirty Rock
Oh No,https://open.spotify.com/track/51EhqjwJH9AmtnQhxVGv1F,Oh No,https://open.spotify.com/album/6mSMYCTFoVA4Wjcu4I1Nls,Goodbye June,https://open.spotify.com/artist/1l9I7G8J8AnMScWQwlNJ4M,2020-12-11,220533,2021-12-21,Rock songs that get down and dirty. Cover: Dirty Honey,Dirty Rock
Oh No,https://open.spotify.com/track/6rF4s1wwsOa2EZF5MF6D3B,Magic Valley,https://open.spotify.com/album/4GQp1LbFHcJVkS9M5HUzAL,Goodbye June,https://open.spotify.com/artist/1l9I7G8J8AnMScWQwlNJ4M,2022-06-17,221469,2021-12-21,Rock songs that get down and dirty. Cover: Dirty Honey,Dirty Rock
On My Mind,https://open.spotify.com/track/4vmgP10TH0YYqJkzr8yLW0,On My Mind,https://open.spotify.com/album/58m6x0iCKILGzU5jNlN2C0,Liam Bailey,https://open.spotify.com/artist/022EiWsch2zvty0qBUksDO,2020-12-11,213733,2021-12-21,Rock songs that get down and dirty. Cover: Dirty Honey,Dirty Rock
Out of the Black,https://open.spotify.com/track/7eCAgDNP4jjENdSm1F08wA,Out of the Black EP,https://open.spotify.com/album/0kOi7T5zsfrnu70Dg0SSYS,Royal Blood,https://open.spotify.com/artist/2S5hlvw4CMtMGswFtfdK15,2020-12-11,240572,2021-12-21,Rock songs that get down and dirty. Cover: Dirty Honey,Dirty Rock
Outta My Mind,https://open.spotify.com/track/0taM1mwoUfIQrrz3YRJQuM,Outta My Mind,https://open.spotify.com/album/5yu5D6ReRR1iXkxM2WkNXn,"Des Rocs, The Cobra","https://open.spotify.com/artist/2kO6mP0olFJGGh6kvUdNC8, https://open.spotify.com/artist/6ljXzPvTDhxrhXTDuz3YEr",2020-12-11,165566,2021-12-21,Rock songs that get down and dirty. Cover: Dirty Honey,Dirty Rock
Outta My Mind,https://open.spotify.com/track/6RzQcj2SoYgmFsjScM7uoM,Martyr Parade,https://open.spotify.com/album/5g5DjibntDMWXkc7pv9PFs,"Des Rocs, The Cobra","https://open.spotify.com/artist/2kO6mP0olFJGGh6kvUdNC8, https://open.spotify.com/artist/6ljXzPvTDhxrhXTDuz3YEr",2022-06-17,165566,2021-12-21,Rock songs that get down and dirty. Cover: Dirty Honey,Dirty Rock
Outta My Mind,https://open.spotify.com/track/7BVo8X0ckrgdSwOwvKEcjh,Martyr Parade,https://open.spotify.com/album/7jDkW8ksFaqsKYxa8TaOUc,"Des Rocs, The Cobra","https://open.spotify.com/artist/2kO6mP0olFJGGh6kvUdNC8, https://open.spotify.com/artist/6ljXzPvTDhxrhXTDuz3YEr",2022-09-16,165566,2021-12-21,Rock songs that get down and dirty. Cover: Dirty Honey,Dirty Rock
Over & Over,https://open.spotify.com/track/2wBEMqe81CXIX88kph8GBO,Hear Me Out,https://open.spotify.com/album/6jPxwvFm0kcZzflrloQPuK,Reignwolf,https://open.spotify.com/artist/66YGDwn22fjphzqGCSIbbK,2022-06-17,209029,2021-12-21,Rock songs that get down and dirty. Cover: Dirty Honey,Dirty Rock
Over & Over,https://open.spotify.com/track/3apo1b70qELYcphJj5B3sk,Over & Over,https://open.spotify.com/album/613RyyMGYgGNKQDzY9z73f,Reignwolf,https://open.spotify.com/artist/66YGDwn22fjphzqGCSIbbK,2020-12-11,209029,2021-12-21,Rock songs that get down and dirty. Cover: Dirty Honey,Dirty Rock
Pages,https://open.spotify.com/track/2B9sTgrTUR2Cg9o8e1GT9w,Asking For A Ride,https://open.spotify.com/album/4EkYXTP0vpp1dmPadvfAlK,White Reaper,https://open.spotify.com/artist/75klPfIVnyYcyEGaicRUSF,2023-06-09,154098,2021-12-21,Rock songs that get down and dirty. Cover: Dirty Honey,Dirty Rock
Plastic Hamburgers,https://open.spotify.com/track/2bmBc4ovS9p18e1IUYHSE9,Plastic Hamburgers,https://open.spotify.com/album/5oYfjMuqOR07P45xNSjlab,Fantastic Negrito,https://open.spotify.com/artist/5QXLMdpKeByOo5ypH9gT13,2020-12-11,217451,2021-12-21,Rock songs that get down and dirty. Cover: Dirty Honey,Dirty Rock
Plastic Hamburgers,https://open.spotify.com/track/3lWwsRSWeSTXUBTJeuRPPg,Please Don't Be Dead,https://open.spotify.com/album/4EdNTjVzjIxYqEUGPiyiZS,Fantastic Negrito,https://open.spotify.com/artist/5QXLMdpKeByOo5ypH9gT13,2022-06-17,217451,2021-12-21,Rock songs that get down and dirty. Cover: Dirty Honey,Dirty Rock
Power,https://open.spotify.com/track/7LOzA341dmGGFwDyOvVDEC,Power,https://open.spotify.com/album/3mTzxRrrUuEywAXKIfV2WB,AJ Ghent [ j-ent ],https://open.spotify.com/artist/6gLGK4HewZQk0009RLQ3nx,2020-12-11,221106,2021-12-21,Rock songs that get down and dirty. Cover: Dirty Honey,Dirty Rock
Pressure and Time,https://open.spotify.com/track/01qLRZjy5hnWDdqKuM6AJh,Pressure & Time,https://open.spotify.com/album/7uVg7wY0NO9dtxGQOgxZgA,Rival Sons,https://open.spotify.com/artist/356c8AN5YWKvz86B4Sb1yf,2022-06-17,196773,2021-12-21,Rock songs that get down and dirty. Cover: Dirty Honey,Dirty Rock
Pressure and Time,https://open.spotify.com/track/6XDNRpkuzEc7zpKXSEWkVr,Pressure & Time,https://open.spotify.com/album/5zD6AMrPIPyJc0ZEb5W4Wr,Rival Sons,https://open.spotify.com/artist/356c8AN5YWKvz86B4Sb1yf,2020-12-11,196773,2021-12-21,Rock songs that get down and dirty. Cover: Dirty Honey,Dirty Rock
Prisoner,https://open.spotify.com/track/1UIcUADr3ueN31xSnEuJuD,Who You Selling For,https://open.spotify.com/album/3AZEkfskdyarjKUJKVgKHS,The Pretty Reckless,https://open.spotify.com/artist/2R57sY41L9XvGPiIgHOaYq,2020-12-11,180226,2021-12-21,Rock songs that get down and dirty. Cover: Dirty Honey,Dirty Rock
Prisoner,https://open.spotify.com/track/24W4uqcDvJCer0Eodsu12Z,Who You Selling For,https://open.spotify.com/album/6q2xelSrpNPLJ4KkKgDkRA,The Pretty Reckless,https://open.spotify.com/artist/2R57sY41L9XvGPiIgHOaYq,2022-06-17,180226,2021-12-21,Rock songs that get down and dirty. Cover: Dirty Honey,Dirty Rock
Raise Hell,https://open.spotify.com/track/02Msss3kY3GSGgeY8oUGMF,Raise Hell,https://open.spotify.com/album/0igXZxXbAV5a5EkVcQdlxb,Dorothy,https://open.spotify.com/artist/6IOvhXyk5edbA2DVaeP9Up,2020-12-11,181868,2021-12-21,Rock songs that get down and dirty. Cover: Dirty Honey,Dirty Rock
Raised By Wolves,https://open.spotify.com/track/2dTp74IGy0E8kv1cSWUrAJ,In The Wild (Deluxe Edition),https://open.spotify.com/album/32wDabMX1umJAYcEcn8z4i,The Interrupters,https://open.spotify.com/artist/25Maank76ry2Tmbi2Ql1SF,2022-10-07,181797,2021-12-21,Rock songs that get down and dirty. Cover: Dirty Honey,Dirty Rock
Raised By Wolves,https://open.spotify.com/track/4lUubz3TMfHfQDJl0mAo2l,In The Wild,https://open.spotify.com/album/3kY1OhkaStCboWLSBTIfvg,The Interrupters,https://open.spotify.com/artist/25Maank76ry2Tmbi2Ql1SF,2022-09-23,181797,2021-12-21,Rock songs that get down and dirty. Cover: Dirty Honey,Dirty Rock
Rambler - Bonus Track,https://open.spotify.com/track/5lpqOgHzc3UmcgULPKtoSD,Bones Owens,https://open.spotify.com/album/33ObrRfIHT3AESxy8E15FG,Bones Owens,https://open.spotify.com/artist/172e5cVOCSMYQQaIaZ4l1z,2021-07-22,210239,2021-12-21,Rock songs that get down and dirty. Cover: Dirty Honey,Dirty Rock
Ready For Something,https://open.spotify.com/track/7jxszj5PkDm69WQGda2S21,Ready For Something,https://open.spotify.com/album/0kybYEkeYAZJDCzxqmrtvE,The Amazons,https://open.spotify.com/artist/7243txmysJ4KbRmH8UAMKO,2022-06-13,237560,2021-12-21,Rock songs that get down and dirty. Cover: Dirty Honey,Dirty Rock
Remember the Taker,https://open.spotify.com/track/59n8RDNnJn29BTFaPTIRZy,Clava,https://open.spotify.com/album/5N08hT5K9KObeFZHiaz1p1,The Steepwater Band,https://open.spotify.com/artist/2TgTMg8jrIQjJ3uWkLw93J,2020-12-11,370546,2021-12-21,Rock songs that get down and dirty. Cover: Dirty Honey,Dirty Rock
Rest In Peace,https://open.spotify.com/track/1nx0EzitUaNF08xrQunABp,Rest In Peace,https://open.spotify.com/album/4OVPoCoVpZ9qhhicoabdiE,Dorothy,https://open.spotify.com/artist/6IOvhXyk5edbA2DVaeP9Up,2022-02-02,217327,2021-12-21,Rock songs that get down and dirty. Cover: Dirty Honey,Dirty Rock
Roadkill,https://open.spotify.com/track/10jugZSxm3weVkTSSO8LFR,Roadkill,https://open.spotify.com/album/4kvhcTgta9vq0hsjVfrHVJ,Starcrawler,https://open.spotify.com/artist/0ZhtrY2Lt1s9klwm03lu8i,2022-06-13,142507,2021-12-21,Rock songs that get down and dirty. Cover: Dirty Honey,Dirty Rock
Rolling With the Punches,https://open.spotify.com/track/4g00OB03RioIl1GnWZyZCi,Rolling With the Punches,https://open.spotify.com/album/0c2sgvHBjX24p7uR6b1tLE,The Blue Stones,https://open.spotify.com/artist/5VPCIIfZPK8KPsgz4jmOEC,2020-12-11,200800,2021-12-21,Rock songs that get down and dirty. Cover: Dirty Honey,Dirty Rock
Rumble And Sway,https://open.spotify.com/track/6qxQLXOAboXpXHcHTMYC1K,Rumble And Sway EP,https://open.spotify.com/album/7MpGww78i1qn7ZPZBT27jH,Jamie N Commons,https://open.spotify.com/artist/2FsZnS8gQ8jG1HGnPYNlm9,2020-12-11,185866,2021-12-21,Rock songs that get down and dirty. Cover: Dirty Honey,Dirty Rock
Run On,https://open.spotify.com/track/0pu3kHgI5lFwbPXQFK8CGz,Run On,https://open.spotify.com/album/3QVFpfKAIEYE0GfSiUqQfk,"Jamie Bower, King Sugar","https://open.spotify.com/artist/7GIZ7nZRCs6XrIsXL2UZO1, https://open.spotify.com/artist/4bh1NXuxdUD1TV3w3M75aP",2022-07-11,212705,2021-12-21,Rock songs that get down and dirty. Cover: Dirty Honey,Dirty Rock
Save Me Some Sunshine,https://open.spotify.com/track/68vTrjlrczwHWioLZ5p0Rt,Save Me Some Sunshine,https://open.spotify.com/album/5sxnrUJmZJ1768ZP15Oy3Q,Rafferty,https://open.spotify.com/artist/37Kwz8lKQipujhPpz9Q5cQ,2020-12-11,217143,2021-12-21,Rock songs that get down and dirty. Cover: Dirty Honey,Dirty Rock
Say Your Prayers,https://open.spotify.com/track/7dMev0fBdUJA7GnEHNyYLs,Say Your Prayers,https://open.spotify.com/album/1p0G9DmCQfmkl1IGUrAqUm,Bass Drum of Death,https://open.spotify.com/artist/5LtAyeDVOVcydj65LvgICY,2022-09-23,179872,2021-12-21,Rock songs that get down and dirty. Cover: Dirty Honey,Dirty Rock
Shadow of Your Love,https://open.spotify.com/track/4AlI7CCObOHRJ9DyCquKt5,Cut Glass Kings,https://open.spotify.com/album/7BHXAisIWIeHLK2o3Ksihi,Cut Glass Kings,https://open.spotify.com/artist/6duFEnexUva5UMe40WbV4v,2022-06-17,155882,2021-12-21,Rock songs that get down and dirty. Cover: Dirty Honey,Dirty Rock
Shadow of Your Love,https://open.spotify.com/track/6SgKK2Lj3kMcX2tqLqJxkP,Cut Glass Kings,https://open.spotify.com/album/6MH4k3SBJoW4NfaAV03DRD,Cut Glass Kings,https://open.spotify.com/artist/6duFEnexUva5UMe40WbV4v,2022-10-07,155882,2021-12-21,Rock songs that get down and dirty. Cover: Dirty Honey,Dirty Rock
Shadow of Your Love,https://open.spotify.com/track/1YCxiooVRFlMwIhbAhapkE,Shadow of Your Love,https://open.spotify.com/album/1fbixj23On0ICt9AdM0zsN,Cut Glass Kings,https://open.spotify.com/artist/6duFEnexUva5UMe40WbV4v,2020-12-11,156456,2021-12-21,Rock songs that get down and dirty. Cover: Dirty Honey,Dirty Rock
Shadow of Your Love,https://open.spotify.com/track/1noSh84nZafwMYvM49ffVd,Shadow of Your Love,https://open.spotify.com/album/3dAIbF5s2SBg6Bahdm9ceb,Cut Glass Kings,https://open.spotify.com/artist/6duFEnexUva5UMe40WbV4v,2022-10-07,156456,2021-12-21,Rock songs that get down and dirty. Cover: Dirty Honey,Dirty Rock
Shakin' Off The Rust,https://open.spotify.com/track/0Aergaee1PD3zbWcjxcUJl,Shakin' Off The Rust,https://open.spotify.com/album/1QJSy2Unc4j50ibbiO2DXQ,The Blue Stones,https://open.spotify.com/artist/5VPCIIfZPK8KPsgz4jmOEC,2020-12-11,222936,2021-12-21,Rock songs that get down and dirty. Cover: Dirty Honey,Dirty Rock
Shakin' Off The Rust,https://open.spotify.com/track/5MKtQtz40BsJZvqkS5FmC6,Hidden Gems,https://open.spotify.com/album/5xQEeIrALM66vXokyP5ik2,The Blue Stones,https://open.spotify.com/artist/5VPCIIfZPK8KPsgz4jmOEC,2023-09-22,222936,2021-12-21,Rock songs that get down and dirty. Cover: Dirty Honey,Dirty Rock
Shiner In The Dark,https://open.spotify.com/track/0zSSanWJnvCX5xHawmMKa9,Back To The Water Below,https://open.spotify.com/album/4B9IAqwQaPYHQi7kJcpPFQ,Royal Blood,https://open.spotify.com/artist/2S5hlvw4CMtMGswFtfdK15,2023-09-22,207849,2021-12-21,Rock songs that get down and dirty. Cover: Dirty Honey,Dirty Rock
Sinister Kid,https://open.spotify.com/track/78krcD2vFUXJ3Y0XXeiHWH,Brothers,https://open.spotify.com/album/7qE6RXYyz5kj5Tll7mJU0v,The Black Keys,https://open.spotify.com/artist/7mnBLXK823vNxN3UWB7Gfz,2020-12-11,224480,2021-12-21,Rock songs that get down and dirty. Cover: Dirty Honey,Dirty Rock
Sixteen Saltines,https://open.spotify.com/track/3XBPCbTU9rSGuyuK7Xbj4B,Blunderbuss,https://open.spotify.com/album/6eSJ0lu0uwtiqXkP7Qrrno,Jack White,https://open.spotify.com/artist/4FZ3j1oH43e7cukCALsCwf,2020-12-11,155720,2021-12-21,Rock songs that get down and dirty. Cover: Dirty Honey,Dirty Rock
Skinny,https://open.spotify.com/track/08CVVZ9HYOXzPRAIV0w8nq,Skinny,https://open.spotify.com/album/4B4UxXtd4JaYNtaAN6ZNEQ,KALEO,https://open.spotify.com/artist/7jdFEYD2LTYjfwxOdlVjmc,2021-04-01,222316,2021-12-21,Rock songs that get down and dirty. Cover: Dirty Honey,Dirty Rock
Sleeping with Lions,https://open.spotify.com/track/13gax9oQUwc13mshdh7C2j,Sleeping with Lions,https://open.spotify.com/album/4OfZqfbLLs8gIPraaraSoH,The Cold Stares,https://open.spotify.com/artist/0hLLs7dOw0Z1XBFFrLSDln,2020-12-11,199786,2021-12-21,Rock songs that get down and dirty. Cover: Dirty Honey,Dirty Rock
Soul Machine,https://open.spotify.com/track/30LW1jD84CVqmsR9tQQVnd,Kentucky (Deluxe Edition),https://open.spotify.com/album/6u0wKwjtR1sMN96z5aRfZ8,Black Stone Cherry,https://open.spotify.com/artist/6WMo39FU3nrpSz3qMgRKug,2020-12-11,241000,2021-12-21,Rock songs that get down and dirty. Cover: Dirty Honey,Dirty Rock
Soul Machine,https://open.spotify.com/track/6VhKqO2krkpQ9TEJSpZlbG,Kentucky (Deluxe Edition),https://open.spotify.com/album/70l38e3JDxBKLO2Jo0LgEp,Black Stone Cherry,https://open.spotify.com/artist/6WMo39FU3nrpSz3qMgRKug,2022-06-17,241000,2021-12-21,Rock songs that get down and dirty. Cover: Dirty Honey,Dirty Rock
Speed Queen,https://open.spotify.com/track/5Lfl6K7BM3h4kDuytUMXZQ,Speed Queen,https://open.spotify.com/album/2OugcYCB82CUMAfhZy5yP3,Thunderpussy,https://open.spotify.com/artist/5wa2uCAfwySNkiWLr2xg3a,2020-12-11,247760,2021-12-21,Rock songs that get down and dirty. Cover: Dirty Honey,Dirty Rock
Speed Queen,https://open.spotify.com/track/2zKi6xzM7MmdFg9JIltwu7,Thunderpussy,https://open.spotify.com/album/12LmAapv86eYJGDSy43NOG,Thunderpussy,https://open.spotify.com/artist/5wa2uCAfwySNkiWLr2xg3a,2022-06-17,248360,2021-12-21,Rock songs that get down and dirty. Cover: Dirty Honey,Dirty Rock
Speed Queen,https://open.spotify.com/track/5GOYrAcAoEg8xJ4qVLzQao,Thunderpussy,https://open.spotify.com/album/3qhtjP2PJB8JyuMZK1hvbp,Thunderpussy,https://open.spotify.com/artist/5wa2uCAfwySNkiWLr2xg3a,2022-10-07,248360,2021-12-21,Rock songs that get down and dirty. Cover: Dirty Honey,Dirty Rock
Spread Your Love,https://open.spotify.com/track/1gq5tbU9FTm90duAZtDZUv,B.R.M.C.,https://open.spotify.com/album/5kNEFtQmqLrPx0XA8Sq0N5,Black Rebel Motorcycle Club,https://open.spotify.com/artist/1tpXaFf2F55E7kVJON4j4G,2022-10-07,225333,2021-12-21,Rock songs that get down and dirty. Cover: Dirty Honey,Dirty Rock
Spread Your Love,https://open.spotify.com/track/4mpAm83XX1iS63l8wmkEC6,B.R.M.C.,https://open.spotify.com/album/5abOBUmWegGxl1YUi28ovw,Black Rebel Motorcycle Club,https://open.spotify.com/artist/1tpXaFf2F55E7kVJON4j4G,2020-12-11,225333,2021-12-21,Rock songs that get down and dirty. Cover: Dirty Honey,Dirty Rock
"Steady, As She Goes",https://open.spotify.com/track/19iqWNzp5LwEdvntpEK8MP,Broken Boy Soldiers,https://open.spotify.com/album/4fDaiqpXlswOza10LvoZHb,The Raconteurs,https://open.spotify.com/artist/4wo1267SJuUfHgasdlfNfc,2022-10-07,215266,2021-12-21,Rock songs that get down and dirty. Cover: Dirty Honey,Dirty Rock
"Steady, As She Goes",https://open.spotify.com/track/4xlEKYv7HmC8zXoJIbpZKM,Broken Boy Soldiers,https://open.spotify.com/album/4Z1sCXBHHKWCsScOLAfuig,The Raconteurs,https://open.spotify.com/artist/4wo1267SJuUfHgasdlfNfc,2022-06-17,215266,2021-12-21,Rock songs that get down and dirty. Cover: Dirty Honey,Dirty Rock
"Steady, As She Goes",https://open.spotify.com/track/2zk1COXk7NaAaDW1KWMuio,Broken Boy Soldiers,https://open.spotify.com/album/54phnRxP2PmwQDuUfiNFPx,The Raconteurs,https://open.spotify.com/artist/4wo1267SJuUfHgasdlfNfc,2020-12-11,215293,2021-12-21,Rock songs that get down and dirty. Cover: Dirty Honey,Dirty Rock
Suffocation Blues,https://open.spotify.com/track/2WRk6RxETSwdsg2dhtnXxc,Black Pistol Fire,https://open.spotify.com/album/0EmwFyrOiD5DkGIDzhbOt1,Black Pistol Fire,https://open.spotify.com/artist/0Nrwy16xCPXG8AwkMbcVvo,2020-12-11,161053,2021-12-21,Rock songs that get down and dirty. Cover: Dirty Honey,Dirty Rock
Sugar,https://open.spotify.com/track/3Tuz3Ec6n03nPTAa5knMm8,Sugar,https://open.spotify.com/album/3Ql9TVwS8g3bnK1ImDhXMX,Surf Curse,https://open.spotify.com/artist/1gl0S9pS0Zw0qfa14rDD3D,2022-06-13,162880,2021-12-21,Rock songs that get down and dirty. Cover: Dirty Honey,Dirty Rock
Sunday Driver,https://open.spotify.com/track/7dNDyDsDdN2X2n0cWIon5e,Sunday Driver / Now That You're Gone,https://open.spotify.com/album/0vOrIwTMeu6vTRRkBkdkoG,The Raconteurs,https://open.spotify.com/artist/4wo1267SJuUfHgasdlfNfc,2020-12-11,219720,2021-12-21,Rock songs that get down and dirty. Cover: Dirty Honey,Dirty Rock
Sweet Life,https://open.spotify.com/track/1Ie947dqENDKKiATxfKmuw,Sweet Life,https://open.spotify.com/album/29ZosBvsj6uCsFJ8YMgLKB,Rival Sons,https://open.spotify.com/artist/356c8AN5YWKvz86B4Sb1yf,2023-09-22,213066,2021-12-21,Rock songs that get down and dirty. Cover: Dirty Honey,Dirty Rock
Take Me Away,https://open.spotify.com/track/4CEqDmkqD7illXHuym76V6,Take Me Away,https://open.spotify.com/album/1TmLWHno2aTHedSxNofPkg,Ayron Jones,https://open.spotify.com/artist/1iEaqWaYpKo9x0OrEq7Q7z,2020-12-11,246932,2021-12-21,Rock songs that get down and dirty. Cover: Dirty Honey,Dirty Rock
Talk & Walk,https://open.spotify.com/track/0BvFgXSJZ1irgFEbhHT5hc,Talk & Walk,https://open.spotify.com/album/6jJpnrltVW9zHyfBSNk2FE,Mammoth WVH,https://open.spotify.com/artist/6WKdhhc03LqnixYI2ZzWzO,2022-09-23,275494,2021-12-21,Rock songs that get down and dirty. Cover: Dirty Honey,Dirty Rock
Talk & Walk,https://open.spotify.com/track/4b76hNVL3wrHEAXcRSIlvJ,Mammoth WVH (Deluxe Edition),https://open.spotify.com/album/6HEDHhxks6y2lmOVd0RvNk,Mammoth WVH,https://open.spotify.com/artist/6WKdhhc03LqnixYI2ZzWzO,2022-10-07,275494,2021-12-21,Rock songs that get down and dirty. Cover: Dirty Honey,Dirty Rock
Talk to Me,https://open.spotify.com/track/51cFoZgKkZJhQa9iHy0EcD,Talk to Me,https://open.spotify.com/album/6a0hKzzXU9yfULzFLnASm7,The Record Company,https://open.spotify.com/artist/6vYg01ZFt1nREsUDMDPUYX,2023-09-22,242576,2021-12-21,Rock songs that get down and dirty. Cover: Dirty Honey,Dirty Rock
That Black Bat Licorice,https://open.spotify.com/track/4WcFUZMb0wiUZBePgnpgDa,Lazaretto,https://open.spotify.com/album/36LXzRarDP8TU8K0REGpt6,Jack White,https://open.spotify.com/artist/4FZ3j1oH43e7cukCALsCwf,2020-12-11,230253,2021-12-21,Rock songs that get down and dirty. Cover: Dirty Honey,Dirty Rock
That Dress,https://open.spotify.com/track/4I9qjUCx8jFQkFFi5Eyt5x,That Dress,https://open.spotify.com/album/1LdR3si9EGC2Eav5Arcn0T,The Pale White,https://open.spotify.com/artist/3uhfMjcE5HJqMIWh3Iolw0,2020-12-11,188055,2021-12-21,Rock songs that get down and dirty. Cover: Dirty Honey,Dirty Rock
That Dress - Demo,https://open.spotify.com/track/0Owkb88GE9Zp1NQex6vpaj,That Dress (Demo),https://open.spotify.com/album/4LDDJCImKdsayb1PmLniF3,The Pale White,https://open.spotify.com/artist/3uhfMjcE5HJqMIWh3Iolw0,2022-10-07,188088,2021-12-21,Rock songs that get down and dirty. Cover: Dirty Honey,Dirty Rock
That Dress - Demo,https://open.spotify.com/track/6RU7KnvzXFxCJERQuFcCR5,That Dress (Demo),https://open.spotify.com/album/1s65VLQ9UpVAwTMDopPCp1,The Pale White,https://open.spotify.com/artist/3uhfMjcE5HJqMIWh3Iolw0,2022-06-17,188088,2021-12-21,Rock songs that get down and dirty. Cover: Dirty Honey,Dirty Rock
the depths,https://open.spotify.com/track/5M41YwjFzgGFQ9qceGoiJG,the boys,https://open.spotify.com/album/7fnpUcZ2WQa8fZpp5iCbTo,cleopatrick,https://open.spotify.com/artist/6VTvaLJ9arNmKi8e1ekOwW,2022-10-07,241764,2021-12-21,Rock songs that get down and dirty. Cover: Dirty Honey,Dirty Rock
the depths,https://open.spotify.com/track/6KBR2f0QJBdnLddWSJnQbs,the boys,https://open.spotify.com/album/3YLIa2HCjlMNgLFHqHwgor,cleopatrick,https://open.spotify.com/artist/6VTvaLJ9arNmKi8e1ekOwW,2020-12-11,241764,2021-12-21,Rock songs that get down and dirty. Cover: Dirty Honey,Dirty Rock
the depths,https://open.spotify.com/track/6XEPaRg8LRsVb4OMJGxmDG,daphne did it / the depths,https://open.spotify.com/album/2k2DP0So7mBzytKNoH1A1M,cleopatrick,https://open.spotify.com/artist/6VTvaLJ9arNmKi8e1ekOwW,2022-06-17,241764,2021-12-21,Rock songs that get down and dirty. Cover: Dirty Honey,Dirty Rock
The Middle,https://open.spotify.com/track/0ldybyyoztnIBPsqZWjPNF,The Middle,https://open.spotify.com/album/35GXWiN1dp2ZkXjQraRwUi,Taipei Houston,https://open.spotify.com/artist/1jnyf6lf0zcETB79xWnHF4,2022-09-23,214096,2021-12-21,Rock songs that get down and dirty. Cover: Dirty Honey,Dirty Rock
The Rush,https://open.spotify.com/track/2w1PqXuQG6Fjum7259GzO8,Ruthless,https://open.spotify.com/album/4A9EmspHpAoSVjzYm2U9WM,JJ Wilde,https://open.spotify.com/artist/1pLZeUSXJwVVJSPhmBSwf6,2020-12-11,187890,2021-12-21,Rock songs that get down and dirty. Cover: Dirty Honey,Dirty Rock
The Rush,https://open.spotify.com/track/6bZ97N6T4TigAwBignOJXp,Ruthless,https://open.spotify.com/album/4ioMd5NHk2AUHC7D4Wjl0n,JJ Wilde,https://open.spotify.com/artist/1pLZeUSXJwVVJSPhmBSwf6,2023-09-22,187890,2021-12-21,Rock songs that get down and dirty. Cover: Dirty Honey,Dirty Rock
The Woods,https://open.spotify.com/track/5dzvsWBcAxt4onHIDYSDHz,The Woods,https://open.spotify.com/album/1PJnVKmDtXcIT1zK3AE5Vn,"Reignwolf, Brad Wilk","https://open.spotify.com/artist/66YGDwn22fjphzqGCSIbbK, https://open.spotify.com/artist/1kQiJ0OIEzwr1oVCSZ1Y6o",2022-06-17,173048,2021-12-21,Rock songs that get down and dirty. Cover: Dirty Honey,Dirty Rock
Them Shoes,https://open.spotify.com/track/1oADNvkLEOm7hvyxffDRjn,Every Hour Is A Dollar Gone,https://open.spotify.com/album/7wFVw2lcWdzLIlNESYUNFX,Patrick Sweany,https://open.spotify.com/artist/35mDUnsSVfkJpgjIXHsPC5,2022-10-07,348706,2021-12-21,Rock songs that get down and dirty. Cover: Dirty Honey,Dirty Rock
Them Shoes,https://open.spotify.com/track/4ELXC8bDxfXOY6cwNEJIEl,Every Hour Is a Dollar Gone,https://open.spotify.com/album/244tmeY7TR0tNG3yzPP58d,Patrick Sweany,https://open.spotify.com/artist/35mDUnsSVfkJpgjIXHsPC5,2020-12-11,348706,2021-12-21,Rock songs that get down and dirty. Cover: Dirty Honey,Dirty Rock
Them Shoes,https://open.spotify.com/track/4WeeCdOInoH5HyO8xcxiAt,Every Hour Is A Dollar Gone,https://open.spotify.com/album/6sgZ7yq8F0HZ1xmdgQrcJP,Patrick Sweany,https://open.spotify.com/artist/35mDUnsSVfkJpgjIXHsPC5,2022-06-17,348706,2021-12-21,Rock songs that get down and dirty. Cover: Dirty Honey,Dirty Rock
This is Our Life,https://open.spotify.com/track/5PUTXDqo5aGHoGbAhYm5ZT,This is Our Life,https://open.spotify.com/album/3ACNAqePBWNG0zC20gRUNs,Des Rocs,https://open.spotify.com/artist/2kO6mP0olFJGGh6kvUdNC8,2022-10-07,224306,2021-12-21,Rock songs that get down and dirty. Cover: Dirty Honey,Dirty Rock
This is Our Life,https://open.spotify.com/track/5T38ywOoK6b29fpbTrhwx3,This is Our Life,https://open.spotify.com/album/0dQPaO9I1hRzDwe2RePxFR,Des Rocs,https://open.spotify.com/artist/2kO6mP0olFJGGh6kvUdNC8,2020-12-11,224306,2021-12-21,Rock songs that get down and dirty. Cover: Dirty Honey,Dirty Rock
This is Our Life,https://open.spotify.com/track/6ckVL9k9M43EKpeXwASuf6,This is Our Life,https://open.spotify.com/album/7GIxrgLPIKexc7d5FwNtuX,Des Rocs,https://open.spotify.com/artist/2kO6mP0olFJGGh6kvUdNC8,2022-06-17,224306,2021-12-21,Rock songs that get down and dirty. Cover: Dirty Honey,Dirty Rock
This Land - Single Version,https://open.spotify.com/track/3lCfyDeaEYxEvJSnhv1ek3,This Land,https://open.spotify.com/album/5ddGu25wPSngfwhehpaFpR,Gary Clark Jr.,https://open.spotify.com/artist/01aC2ikO4Xgb2LUpf9JfKp,2020-12-11,236282,2021-12-21,Rock songs that get down and dirty. Cover: Dirty Honey,Dirty Rock
Tied Up,https://open.spotify.com/track/08yhz3ei8jgCmwcsHZTSAa,Hollow Bones,https://open.spotify.com/album/7hKJMKE01FvUJEVxY8bBOT,Rival Sons,https://open.spotify.com/artist/356c8AN5YWKvz86B4Sb1yf,2022-06-17,207359,2021-12-21,Rock songs that get down and dirty. Cover: Dirty Honey,Dirty Rock
Tied Up,https://open.spotify.com/track/1JPCnWqXrHSkBGg4dCzGe6,Tied Up,https://open.spotify.com/album/0Zl8yKNMQeiHaFqVTiSIrP,Rival Sons,https://open.spotify.com/artist/356c8AN5YWKvz86B4Sb1yf,2020-12-11,207360,2021-12-21,Rock songs that get down and dirty. Cover: Dirty Honey,Dirty Rock
Time Machine,https://open.spotify.com/track/0ufX7CKKUMCAknALKH5Cmq,Painted Shield,https://open.spotify.com/album/1jn9erY1pdPLhHCaYogq1U,Painted Shield,https://open.spotify.com/artist/7kmm4Wi3pbsCHHIYqgYgX9,2022-06-17,177706,2021-12-21,Rock songs that get down and dirty. Cover: Dirty Honey,Dirty Rock
Time Machine,https://open.spotify.com/track/1R8N3HYvfzEEHekrgV3Kte,Time Machine,https://open.spotify.com/album/1PtRXVo3CENI6TTAqzlCr9,Painted Shield,https://open.spotify.com/artist/7kmm4Wi3pbsCHHIYqgYgX9,2020-12-11,177706,2021-12-21,Rock songs that get down and dirty. Cover: Dirty Honey,Dirty Rock
Trouble,https://open.spotify.com/track/3mDmxRLldAX8P830OmKTLM,New Blues Roots,https://open.spotify.com/album/691cfDyQ3ZKuAZVFZMfiZR,The New Respects,https://open.spotify.com/artist/5lwtznzBlmVM2IhgrCWbT9,2022-10-07,203186,2021-12-21,Rock songs that get down and dirty. Cover: Dirty Honey,Dirty Rock
Trouble,https://open.spotify.com/track/5nCWfBPzdbgXstg99AUTEb,Before The Sun Goes Down,https://open.spotify.com/album/0LW7Gi4WOcZ1KaEWY0fY7M,The New Respects,https://open.spotify.com/artist/5lwtznzBlmVM2IhgrCWbT9,2022-06-17,203186,2021-12-21,Rock songs that get down and dirty. Cover: Dirty Honey,Dirty Rock
Trouble,https://open.spotify.com/track/5tJBIfrKncZvqyj6dBNwK0,Trouble,https://open.spotify.com/album/5awaNKjtMu3OPiWsTnWicj,The New Respects,https://open.spotify.com/artist/5lwtznzBlmVM2IhgrCWbT9,2020-12-11,204634,2021-12-21,Rock songs that get down and dirty. Cover: Dirty Honey,Dirty Rock
Typhoons,https://open.spotify.com/track/5aFGo8wHEntVxFI8IF7Wuj,Typhoons,https://open.spotify.com/album/05aqnnpYVOvsX0SIzmIuxi,Royal Blood,https://open.spotify.com/artist/2S5hlvw4CMtMGswFtfdK15,2021-07-22,236933,2021-12-21,Rock songs that get down and dirty. Cover: Dirty Honey,Dirty Rock
Unholy,https://open.spotify.com/track/2qeIFUwxU7f44PUgeahCPo,Unholy - EP,https://open.spotify.com/album/78oXbiZPzFFn6K5cMREm7f,Bobby Saint,https://open.spotify.com/artist/6L6VjBcf06AK6boIxqIEit,2020-12-11,209000,2021-12-21,Rock songs that get down and dirty. Cover: Dirty Honey,Dirty Rock
Used to the Darkness,https://open.spotify.com/track/3SemJVQCsUo0K3QGN7pIXu,Let the Vultures In,https://open.spotify.com/album/0NvZagPSgA7PLFI7yydUTn,Des Rocs,https://open.spotify.com/artist/2kO6mP0olFJGGh6kvUdNC8,2022-09-16,256342,2021-12-21,Rock songs that get down and dirty. Cover: Dirty Honey,Dirty Rock
Used to the Darkness,https://open.spotify.com/track/2MjQGWAFsFRTZtKA6THCaM,Used to the Darkness,https://open.spotify.com/album/4CYGAZsEydjZh4peJPnNVK,Des Rocs,https://open.spotify.com/artist/2kO6mP0olFJGGh6kvUdNC8,2020-12-11,256343,2021-12-21,Rock songs that get down and dirty. Cover: Dirty Honey,Dirty Rock
Used to the Darkness,https://open.spotify.com/track/6fLKwF2FLBtPNvtrVjYDVz,Let the Vultures In,https://open.spotify.com/album/0fnAV8la7b1AZjAfY1oyXZ,Des Rocs,https://open.spotify.com/artist/2kO6mP0olFJGGh6kvUdNC8,2022-06-17,256343,2021-12-21,Rock songs that get down and dirty. Cover: Dirty Honey,Dirty Rock
Vertigo,https://open.spotify.com/track/1uxPC9Sqn1bMLhUaTqFjye,S.I.D.E.S.,https://open.spotify.com/album/5rkOKaMUZNSpFAxLHMSp9s,Alice Merton,https://open.spotify.com/artist/7f0OLhGgBMX9fUjm1dcPip,2022-09-23,186933,2021-12-21,Rock songs that get down and dirty. Cover: Dirty Honey,Dirty Rock
Wannabe in L.A,https://open.spotify.com/track/3B7mbMbbcuKdfWssAcyvG8,Heart On,https://open.spotify.com/album/2WcK8D30CYZQxCUv5mEnMT,Eagles Of Death Metal,https://open.spotify.com/artist/02uYdhMhCgdB49hZlYRm9o,2023-06-09,135853,2021-12-21,Rock songs that get down and dirty. Cover: Dirty Honey,Dirty Rock
Wannabe In L.A,https://open.spotify.com/track/68HGqHHc41qmJHUWlLUKCd,Heart On,https://open.spotify.com/album/2WxHlLQsHHJ8lb4xQrb65A,Eagles Of Death Metal,https://open.spotify.com/artist/02uYdhMhCgdB49hZlYRm9o,2022-06-17,135853,2021-12-21,Rock songs that get down and dirty. Cover: Dirty Honey,Dirty Rock
Wannabe in LA,https://open.spotify.com/track/5udAfExLZ6ZsB0vxV7JirF,Heart On,https://open.spotify.com/album/3nXL7ztiJzIscpBCIXKM7o,Eagles Of Death Metal,https://open.spotify.com/artist/02uYdhMhCgdB49hZlYRm9o,2020-12-11,135853,2021-12-21,Rock songs that get down and dirty. Cover: Dirty Honey,Dirty Rock
Waterfall,https://open.spotify.com/track/0qT9ecolVnmtI3RyuCQ5qy,Rise over Run,https://open.spotify.com/album/1hK7IEatzxrFQPviKTR5Cs,Crown Lands,https://open.spotify.com/artist/0MnazDWzh4tAnT5y4vWZFr,2020-12-11,181499,2021-12-21,Rock songs that get down and dirty. Cover: Dirty Honey,Dirty Rock
Wayne,https://open.spotify.com/track/3MDZ9jGIlOElt3hfHVOOAa,Wayne,https://open.spotify.com/album/7u7IYGxioBUt8DTBh4eQWe,Des Rocs,https://open.spotify.com/artist/2kO6mP0olFJGGh6kvUdNC8,2022-09-16,200933,2021-12-21,Rock songs that get down and dirty. Cover: Dirty Honey,Dirty Rock
Wayne,https://open.spotify.com/track/3ZFaioRJSjrdH01nfBgbNB,Wayne,https://open.spotify.com/album/2SQsKlB8q1DwgMYDbkN5h4,Des Rocs,https://open.spotify.com/artist/2kO6mP0olFJGGh6kvUdNC8,2020-12-11,200933,2021-12-21,Rock songs that get down and dirty. Cover: Dirty Honey,Dirty Rock
Welcome to Silvertown,https://open.spotify.com/track/3Vm5T4ZUrPXXkJ5YXqfvMX,Welcome to Silvertown,https://open.spotify.com/album/3aYOZUrvSmkzFKxWXdJphY,Saint Agnes,https://open.spotify.com/artist/7c7LKkvEU9xLPyFmvV4njL,2020-12-11,195986,2021-12-21,Rock songs that get down and dirty. Cover: Dirty Honey,Dirty Rock
What's the Trick?,https://open.spotify.com/track/14FW5L81Px03LnnsXnB2LG,Fear Of The Dawn,https://open.spotify.com/album/46qeiLBu3KwqFQpJBT7t6B,Jack White,https://open.spotify.com/artist/4FZ3j1oH43e7cukCALsCwf,2023-06-09,214842,2021-12-21,Rock songs that get down and dirty. Cover: Dirty Honey,Dirty Rock
What’s It Take To Be Happy?,https://open.spotify.com/track/0wFr2Uk87dQY3AYKfGPZqg,Pretty Monster,https://open.spotify.com/album/1ZSM06t6wMNeIaNMXxCuL6,The Blue Stones,https://open.spotify.com/artist/5VPCIIfZPK8KPsgz4jmOEC,2023-09-22,200622,2021-12-21,Rock songs that get down and dirty. Cover: Dirty Honey,Dirty Rock
What’s It Take To Be Happy?,https://open.spotify.com/track/36ctXtkmh0ot5PTBhlr9vJ,What’s It Take To Be Happy?,https://open.spotify.com/album/2gqKXGj4NkMH4FdrXviY9x,The Blue Stones,https://open.spotify.com/artist/5VPCIIfZPK8KPsgz4jmOEC,2022-09-23,200622,2021-12-21,Rock songs that get down and dirty. Cover: Dirty Honey,Dirty Rock
When I'm Gone,https://open.spotify.com/track/3VZjogSj2XePaVubGgFOUo,Dirty Honey,https://open.spotify.com/album/5P1eT6Xpd9DNeSHJkJAzNo,Dirty Honey,https://open.spotify.com/artist/0XBRd3N11rCbh0s8qHf41m,2020-12-11,205090,2021-12-21,Rock songs that get down and dirty. Cover: Dirty Honey,Dirty Rock
When I'm Gone,https://open.spotify.com/track/7mVYYM1jFHP5d5ygTgjrf6,Dirty Honey,https://open.spotify.com/album/6FEBG6JNlWI3QkY3YlfhO7,Dirty Honey,https://open.spotify.com/artist/0XBRd3N11rCbh0s8qHf41m,2022-06-17,205090,2021-12-21,Rock songs that get down and dirty. Cover: Dirty Honey,Dirty Rock
Who’s Gonna Love Me Now,https://open.spotify.com/track/1T9DxFAS1H7RgR4PDUzAGQ,New Age Norms 2,https://open.spotify.com/album/5XWHfMAw90dNXWbAy0t6hq,Cold War Kids,https://open.spotify.com/artist/6VDdCwrBM4qQaGxoAyxyJC,2022-06-17,171226,2021-12-21,Rock songs that get down and dirty. Cover: Dirty Honey,Dirty Rock
Who’s Gonna Love Me Now,https://open.spotify.com/track/3OAiJ8YdnNr2zus6CwT3y2,Who’s Gonna Love Me Now,https://open.spotify.com/album/2BbF1f4OKq2MbgSGl8mvvb,Cold War Kids,https://open.spotify.com/artist/6VDdCwrBM4qQaGxoAyxyJC,2020-12-11,171226,2021-12-21,Rock songs that get down and dirty. Cover: Dirty Honey,Dirty Rock
Who’s Gonna Love Me Now,https://open.spotify.com/track/5VqnXEcxWfLdnsXBVjEpWx,New Age Norms 2,https://open.spotify.com/album/1Bgy7wJny262o4EVxiLqMT,Cold War Kids,https://open.spotify.com/artist/6VDdCwrBM4qQaGxoAyxyJC,2022-10-07,171226,2021-12-21,Rock songs that get down and dirty. Cover: Dirty Honey,Dirty Rock
Wolf,https://open.spotify.com/track/2S7R4trL4HITPIfvKUxcA4,The Boy Who Died Wolf,https://open.spotify.com/album/3TC40H9dIJArFzy0rWnWCg,Highly Suspect,https://open.spotify.com/artist/2pqd3HsfsvcBGtHvPOg6eg,2022-06-17,416266,2021-12-21,Rock songs that get down and dirty. Cover: Dirty Honey,Dirty Rock
Wolf,https://open.spotify.com/track/3O8XITugw7W9svMQw0ODcf,Wolf,https://open.spotify.com/album/4zq9AhdglvCEYYY6llnbnj,Highly Suspect,https://open.spotify.com/artist/2pqd3HsfsvcBGtHvPOg6eg,2020-12-11,416320,2021-12-21,Rock songs that get down and dirty. Cover: Dirty Honey,Dirty Rock
Wolf Like Me,https://open.spotify.com/track/6Zgd7SomLTZkL1WPh4CUnV,Return To Cookie Mountain,https://open.spotify.com/album/4sD8WQQ8f1x3L4YFa9qFIO,TV On The Radio,https://open.spotify.com/artist/3HJIB8sYPyxrFGuwvKXSLR,2023-09-22,277466,2021-12-21,Rock songs that get down and dirty. Cover: Dirty Honey,Dirty Rock
Wolf Like Me,https://open.spotify.com/track/03wKMRNYVvw6s9nm4I4jUS,Return To Cookie Mountain,https://open.spotify.com/album/7xn8nwwutlJFMb7Zf9NEHi,TV On The Radio,https://open.spotify.com/artist/3HJIB8sYPyxrFGuwvKXSLR,2020-12-11,279293,2021-12-21,Rock songs that get down and dirty. Cover: Dirty Honey,Dirty Rock
Won't Take Me Alive,https://open.spotify.com/track/18zG4sti0gnHNnobLOBjmr,Won't Take Me Alive,https://open.spotify.com/album/61L8HA9oZG28YcsN8vW5Wv,Dirty Honey,https://open.spotify.com/artist/0XBRd3N11rCbh0s8qHf41m,2023-07-07,225596,2021-12-21,Rock songs that get down and dirty. Cover: Dirty Honey,Dirty Rock
"Yes, I Know",https://open.spotify.com/track/2sRuCtlSlAjjAnw5VWktQ8,Positive Thinking,https://open.spotify.com/album/7y7MYj0omCvkBm7x4OULDg,The Pack a.d.,https://open.spotify.com/artist/2gbOUPIhea9nrCmAeZBgpo,2020-12-11,216264,2021-12-21,Rock songs that get down and dirty. Cover: Dirty Honey,Dirty Rock
You Rascal You,https://open.spotify.com/track/0BnzymJQLY5a3YHODuaYbO,Will the Guns Come Out,https://open.spotify.com/album/43wnYuDO5oQxKYDYCwySgS,Hanni El Khatib,https://open.spotify.com/artist/1HCdPZB0ypEcpDo4T55sMi,2022-06-17,141093,2021-12-21,Rock songs that get down and dirty. Cover: Dirty Honey,Dirty Rock
You Rascal You,https://open.spotify.com/track/5MJxg5oxXXTXb2iJt6BmYu,Will the Guns Come Out,https://open.spotify.com/album/0xSJL5638GcxxOV2q7f51B,Hanni El Khatib,https://open.spotify.com/artist/1HCdPZB0ypEcpDo4T55sMi,2020-12-11,141093,2021-12-21,Rock songs that get down and dirty. Cover: Dirty Honey,Dirty Rock
"Young Lady, You're Scaring Me",https://open.spotify.com/track/2rxUnZsfZAIuQ9vKO24Ute,HEAVY META,https://open.spotify.com/album/2ehHcC26sfvWAQhFTkk6dW,Ron Gallo,https://open.spotify.com/artist/4rfE3kN2zKNC9L9tt3iVOg,2023-09-22,220538,2021-12-21,Rock songs that get down and dirty. Cover: Dirty Honey,Dirty Rock
"Young Lady, You're Scaring Me",https://open.spotify.com/track/6PtIXICwmoxCgLjw2zApDs,HEAVY META,https://open.spotify.com/album/6w5N3oL83KiitLdFcCrzTj,Ron Gallo,https://open.spotify.com/artist/4rfE3kN2zKNC9L9tt3iVOg,2020-12-11,220538,2021-12-21,Rock songs that get down and dirty. Cover: Dirty Honey,Dirty Rock
Your Touch,https://open.spotify.com/track/5lJUXSjRjevVy7I3P87wuK,Magic Potion,https://open.spotify.com/album/4jFfuHyKmhGeipjRmKIh8O,The Black Keys,https://open.spotify.com/artist/7mnBLXK823vNxN3UWB7Gfz,2020-12-11,162586,2021-12-21,Rock songs that get down and dirty. Cover: Dirty Honey,Dirty Rock
